
	OriginDoc.		PO Number		Date			Created		SOrg.	ShPt		Plnt		SLoc
	Item	Created On		GI Date		DB	Material		Open qty			BUn		CumQty		SU	   SD Doc.	SLoc	Cf	Order qty	ConfirmQty	IncoT	SC	CDl

	4504240468							SAPBC		2350	2355		2350		I3
	  20	24.02.2022		24.02.2022			797077		  0,000			PC		0,000		PC		I3		  10,000	    5,000	CIF	02
	  20						797077		  0,000							PC	8501079206			   0,000	    0,000

	4504270372							SAPBC		2350	2355		2350		D2
	  20	19.03.2022		24.03.2022			598870		  0,000			PC		0,000		PC		D2		   1,000	    1,000	CIF	02
	  30	19.03.2022		24.03.2022			871689		  0,000			PC		0,000		PC		D2		   1,000	    1,000	CIF	02
	  20						598870		  0,000							PC	8501079208			   0,000	    0,000
	  30						871689		  0,000							PC	8501079208			   0,000	    0,000

	4504272475							SAPBC		2350	2355		2350		A7
	  10	22.03.2022		22.03.2022			272646		  0,000			PC		0,000		PC		A7		   1,000	    1,000	CIF	02
	  20	22.03.2022		22.03.2022			272646		  0,000			PC		0,000		PC		A7		   1,000	    0,000	CIF	02
	  30	22.03.2022		22.03.2022			272645		  0,000			PC		0,000		PC		A7		   1,000	    1,000	CIF	02
	  40	22.03.2022		22.03.2022			272647		  0,000			PC		0,000		PC		A7		   1,000	    1,000	CIF	02
	  10						272646		  0,000							PC	8501079207			   0,000	    0,000
	  20						272646		  0,000							PC	8501079207			   0,000	    0,000
	  30						272645		  0,000							PC	8501079207			   0,000	    0,000
	  40						272647		  0,000							PC	8501079207			   0,000	    0,000

	4504281724							SAPBC		2350	2355		2350		A7
	  10	29.03.2022		29.03.2022			429436		  0,000			PC		0,000		PC		A7		   1,000	    1,000	CIF	02
	  20	29.03.2022		29.03.2022			270313		  0,000			PC		0,000		PC		A7		   1,000	    1,000	CIF	02
	  40	29.03.2022		29.03.2022			273637		  0,000			PC		0,000		PC		A7		   2,000	    2,000	CIF	02
	  10						429436		  0,000							PC	8501079207			   0,000	    0,000
	  20						270313		  0,000							PC	8501079207			   0,000	    0,000
	  40						273637		  0,000							PC	8501079207			   0,000	    0,000

	4504300092							SAPBC		2350	2355		2350		A7
	  10	12.04.2022		12.04.2022			798798		  0,000			PC		0,000		PC		A7		   1,000	    0,000	CIF	02
	  20	12.04.2022		12.04.2022			798748		  0,000			PC		0,000		PC		A7		   1,000	    1,000	CIF	02
	  10						798798		  0,000							PC	8501079207			   0,000	    0,000
	  20						798748		  0,000							PC	8501079207			   0,000	    0,000

	4504319392							SAPBC		2350	2355		2350		A4
	  10	29.04.2022		29.04.2022			846153		  0,000			PC		0,000		PC		A4		   1,000	    1,000	CIF	02
	  20	29.04.2022		29.04.2022			830036		  0,000			PC		0,000		PC		A4		   1,000	    0,000	CIF	02
	  10						846153		  0,000							PC	8501079209			   0,000	    0,000
	  20						830036		  0,000							PC	8501079209			   0,000	    0,000

	4504321449							SAPBC		2350	2355		2350		F16
	  10	03.05.2022		03.05.2022			785545		  0,000			PC		0,000		PC		F16		   1,000	    0,000	CIF	02
	  10						785545		  0,000							PC	8501079210			   0,000	    0,000

	4504331765							SAPBC		2350	2355		2350		A4
	  10	11.05.2022		11.05.2022			846153		  0,000			PC		0,000		PC		A4		   1,000	    1,000	CIF	02
	  20	11.05.2022		11.05.2022			562038		  0,000			PC		0,000		PC		A4		   1,000	    1,000	CIF	02
	  30	11.05.2022		11.05.2022			830036		  0,000			PC		0,000		PC		A4		   1,000	    0,000	CIF	02
	  10						846153		  0,000							PC	8501079209			   0,000	    0,000
	  20						562038		  0,000							PC	8501079209			   0,000	    0,000
	  30						830036		  0,000							PC	8501079209			   0,000	    0,000

	4504335147							SAPBC		2350	2355		2350		F18
	  10	13.05.2022		13.05.2022			846153		  0,000			PC		0,000		PC		F18		   1,000	    1,000	CIF	02
	  10						846153		  0,000							PC	8501079211			   0,000	    0,000

	4504345388							SAPBC		2350	2355		2350		F18
	  10	21.05.2022		26.05.2022			830936		  0,000			PC		0,000		PC		F18		   1,000	    1,000	CIF	02
	  10						830936		  0,000							PC	8501079211			   0,000	    0,000

	4504347510							SAPBC		2350	2355		2350		A7
	  10	24.05.2022		24.05.2022			535100		  0,000			PC		0,000		PC		A7		   1,000	    1,000	CIF	02
	  10						535100		  0,000							PC	8501079207			   0,000	    0,000

	4504347511							SAPBC		2350	2355		2350		F18
	  10	24.05.2022		24.05.2022			859230		  0,000			PC		0,000		PC		F18		   1,000	    0,000	CIF	02
	  10						859230		  0,000							PC	8501079211			   0,000	    0,000

	4504349271							SAPBC		2350	2355		2350		F16
	  10	25.05.2022		25.05.2022			699091		  0,000			PC		0,000		PC		F16		   1,000	    1,000	CIF	02
	  20	25.05.2022		25.05.2022			818135		  0,000			PC		0,000		PC		F16		   1,000	    1,000	CIF	02
	  30	25.05.2022		25.05.2022			796973		  0,000			PC		0,000		PC		F16		   1,000	    0,000	CIF	02
	  10						699091		  0,000							PC	8501079210			   0,000	    0,000
	  20						818135		  0,000							PC	8501079210			   0,000	    0,000
	  30						796973		  0,000							PC	8501079210			   0,000	    0,000

	4504351124							SAPBC		2350	2355		2350		A7
	  10	26.05.2022		26.05.2022			700365		  0,000			PC		0,000		PC		A7		   1,000	    1,000	CIF	02
	  20	26.05.2022		26.05.2022			452723		  0,000			PC		0,000		PC		A7		   1,000	    1,000	CIF	02
	  30	26.05.2022		26.05.2022			702986		  0,000			PC		0,000		PC		A7		   1,000	    1,000	CIF	02
	  10						700365		  0,000							PC	8501079207			   0,000	    0,000
	  20						452723		  0,000							PC	8501079207			   0,000	    0,000
	  30						702986		  0,000							PC	8501079207			   0,000	    0,000

	4504351136							SAPBC		2350	2355		2350		A7
	  10	26.05.2022		26.05.2022			562079		  0,000			PC		0,000		PC		A7		   1,000	    1,000	CIF	02
	  20	26.05.2022		26.05.2022			830036		  0,000			PC		0,000		PC		A7		   1,000	    0,000	CIF	02
	  10						562079		  0,000							PC	8501079207			   0,000	    0,000
	  20						830036		  0,000							PC	8501079207			   0,000	    0,000

	4504354260							SAPBC		2350	2355		2350		F18
	  10	30.05.2022		30.05.2022			818170		  0,000			PC		0,000		PC		F18		   1,000	    1,000	CIF	02
	  10						818170		  0,000							PC	8501079211			   0,000	    0,000

	4504356499							SAPBC		2350	2355		2350		F18
	  10	31.05.2022		31.05.2022			818170		  0,000			PC		0,000		PC		F18		   1,000	    1,000	CIF	02
	  10						818170		  0,000							PC	8501079211			   0,000	    0,000

	4504363401							SAPBC		2350	2355		2350		A7
	  10	04.06.2022		09.06.2022			268537		  0,000			PC		0,000		PC		A7		   1,000	    1,000	CIF	02
	  20	04.06.2022		09.06.2022			464524		  0,000			PC		0,000		PC		A7		   1,000	    1,000	CIF	02
	  30	04.06.2022		09.06.2022			484826		  0,000			PC		0,000		PC		A7		   1,000	    1,000	CIF	02
	  10						268537		  0,000							PC	8501079207			   0,000	    0,000
	  20						464524		  0,000							PC	8501079207			   0,000	    0,000
	  30						484826		  0,000							PC	8501079207			   0,000	    0,000

	4504363402							SAPBC		2350	2355		2350		A7
	  10	04.06.2022		09.06.2022			464524		  0,000			PC		0,000		PC		A7		   3,000	    3,000	CIF	02
	  10						464524		  0,000							PC	8501079207			   0,000	    0,000

	4504363581							SAPBC		2350	2355		2350		A4
	  10	06.06.2022		06.06.2022			468732		  0,000			PC		0,000		PC		A4		   1,000	    1,000	CIF	02
	  20	06.06.2022		06.06.2022			288509		  0,000			PC		0,000		PC		A4		   1,000	    1,000	CIF	02
	  10						468732		  0,000							PC	8501079209			   0,000	    0,000
	  20						288509		  0,000							PC	8501079209			   0,000	    0,000

	4504364662							SAPBC		2350	2355		2350		A7
	  10	07.06.2022		07.06.2022			428931		  0,000			PC		0,000		PC		A7		   1,000	    1,000	CIF	02
	  10						428931		  0,000							PC	8501079207			   0,000	    0,000

	4504370083							SAPBC		2350	2355		2350		F18
	  10	10.06.2022		16.06.2022			413175		  0,000			PC		0,000		PC		F18		   1,000	    1,000	CIF	02
	  20	10.06.2022		16.06.2022			413175		  0,000			PC		0,000		PC		F18		   1,000	    1,000	CIF	02
	  10						413175		  0,000							PC	8501079211			   0,000	    0,000
	  20						413175		  0,000							PC	8501079211			   0,000	    0,000

	4504370093							SAPBC		2350	2355		2350		F18
	  10	10.06.2022		16.06.2022			804997		  0,000			PC		0,000		PC		F18		   1,000	    1,000	CIF	02
	  10						804997		  0,000							PC	8501079211			   0,000	    0,000

	4504370170							SAPBC		2350	2355		2350		A7
	  10	10.06.2022		16.06.2022			415231		  0,000			PC		0,000		PC		A7		   1,000	    1,000	CIF	02
	  10						415231		  0,000							PC	8501079207			   0,000	    0,000

	4504371374							SAPBC		2350	2355		2350		F18
	  10	11.06.2022		16.06.2022			796065		  0,000			PC		0,000		PC		F18		   1,000	    1,000	CIF	02
	  10						796065		  0,000							PC	8501079211			   0,000	    0,000

	4504373467							SAPBC		2350	2355		2350		A7
	  10	14.06.2022		14.06.2022			587282		  0,000			PC		0,000		PC		A7		   1,000	    1,000	CIF	02
	  10						587282		  0,000							PC	8501079207			   0,000	    0,000

	4504373474							SAPBC		2350	2355		2350		A7
	  10	14.06.2022		14.06.2022			623254		  0,000			PC		0,000		PC		A7		   1,000	    1,000	CIF	02
	  10						623254		  0,000							PC	8501079207			   0,000	    0,000

	4504377035							SAPBC		2350	2355		2350		F18
	  10	16.06.2022		16.06.2022			818170		  0,000			PC		0,000		PC		F18		   1,000	    1,000	CIF	02
	  10						818170		  0,000							PC	8501079211			   0,000	    0,000

	4504377049							SAPBC		2350	2355		2350		A7
	  10	16.06.2022		16.06.2022			571564		  0,000			PC		0,000		PC		A7		   1,000	    0,000	CIF	02
	  10						571564		  0,000							PC	8501079207			   0,000	    0,000

	4504377053							SAPBC		2350	2355		2350		A7
	  10	16.06.2022		16.06.2022			535420		  0,000			PC		0,000		PC		A7		   1,000	    1,000	CIF	02
	  10						535420		  0,000							PC	8501079207			   0,000	    0,000

	4504378470							SAPBC		2350	2355		2350		F18
	  10	17.06.2022		17.06.2022			429041		  0,000			PC		0,000		PC		F18		   2,000	    2,000	CIF	02
	  10						429041		  0,000							PC	8501079211			   0,000	    0,000

	4504379984							SAPBC		2350	2355		2350		F18
	  10	20.06.2022		20.06.2022			562038		  0,000			PC		0,000		PC		F18		   1,000	    1,000	CIF	02
	  10						562038		  0,000							PC	8501079211			   0,000	    0,000

	4504380223							SAPBC		2350	2355		2350		A32
	  10	20.06.2022		20.06.2022			455451		  0,000			PC		0,000		PC		A32		   1,000	    0,000	CIF	02
	  20	20.06.2022		20.06.2022			429407		  0,000			PC		0,000		PC		A32		   1,000	    1,000	CIF	02
	  10						455451		  0,000							PC	8501079212			   0,000	    0,000
	  20						429407		  0,000							PC	8501079212			   0,000	    0,000

	4504383473							SAPBC		2350	2355		2350		A8
	  10	22.06.2022		22.06.2022			846153		  0,000			PC		0,000		PC		A8		   1,000	    1,000	CIF	02
	  10						846153		  0,000							PC	8501079213			   0,000	    0,000

	4504385122							SAPBC		2350	2355		2350		A8
	  10	23.06.2022		23.06.2022			846153		  0,000			PC		0,000		PC		A8		   1,000	    1,000	CIF	02
	  10						846153		  0,000							PC	8501079213			   0,000	    0,000

	4504385127							SAPBC		2350	2355		2350		F18
	  10	23.06.2022		23.06.2022			287619		  0,000			PC		0,000		PC		F18		   1,000	    1,000	CIF	02
	  10						287619		  0,000							PC	8501079211			   0,000	    0,000

	4504386809							SAPBC		2350	2355		2350		F18
	  10	24.06.2022		24.06.2022			476717		  0,000			PC		0,000		PC		F18		   1,000	    1,000	CIF	02
	  10						476717		  0,000							PC	8501079211			   0,000	    0,000

	4504388315							SAPBC		2350	2355		2350		F16
	  10	27.06.2022		27.06.2022			846153		  0,000			PC		0,000		PC		F16		   1,000	    1,000	CIF	02
	  10						846153		  0,000							PC	8501079210			   0,000	    0,000

	4504390090							SAPBC		2350	2355		2350		D19
	  10	28.06.2022		28.06.2022			438846		  0,000			PC		0,000		PC		D19		   1,000	    1,000	CIF	02
	  30	28.06.2022		28.06.2022			473866		  0,000			PC		0,000		PC		D19		   1,000	    1,000	CIF	02
	  10						438846		  0,000							PC	8501079214			   0,000	    0,000
	  30						473866		  0,000							PC	8501079214			   0,000	    0,000

	4504391413							SAPBC		2350	2355		2350		I4
	  10	28.06.2022		28.06.2022			536149		  0,000			PC		0,000		PC		I4		   1,000	    1,000	CIF	02
	  20	28.06.2022		28.06.2022			537739		  0,000			PC		0,000		PC		I4		   1,000	    1,000	CIF	02
	  40	28.06.2022		28.06.2022			562842		  0,000			PC		0,000		PC		I4		   1,000	    1,000	CIF	02
	  10						536149		  0,000							PC	8501079215			   0,000	    0,000
	  20						537739		  0,000							PC	8501079215			   0,000	    0,000
	  40						562842		  0,000							PC	8501079215			   0,000	    0,000

	4504391791							SAPBC		2350	2355		2350		D19
	  10	29.06.2022		29.06.2022			803927		  0,000			PC		0,000		PC		D19		   1,000	    1,000	CIF	02
	  10						803927		  0,000							PC	8501079214			   0,000	    0,000

	4504391792							SAPBC		2350	2355		2350		A5
	  10	29.06.2022		29.06.2022			441303		  0,000			PC		0,000		PC		A5		   1,000	    1,000	CIF	02
	  20	29.06.2022		29.06.2022			428814		  0,000			PC		0,000		PC		A5		   1,000	    1,000	CIF	02
	  30	29.06.2022		29.06.2022			368903		  0,000			PC		0,000		PC		A5		   1,000	    1,000	CIF	02
	  40	29.06.2022		29.06.2022			476225		  0,000			PC		0,000		PC		A5		   1,000	    1,000	CIF	02
	  10						441303		  0,000							PC	8501079216			   0,000	    0,000
	  20						428814		  0,000							PC	8501079216			   0,000	    0,000
	  30						368903		  0,000							PC	8501079216			   0,000	    0,000
	  40						476225		  0,000							PC	8501079216			   0,000	    0,000

	4504391793							SAPBC		2350	2355		2350		A4
	  10	29.06.2022		29.06.2022			355019		  0,000			PC		0,000		PC		A4		   1,000	    1,000	CIF	02
	  10						355019		  0,000							PC	8501079209			   0,000	    0,000

	4504391795							SAPBC		2350	2355		2350		D19
	  10	29.06.2022		29.06.2022			708850		  0,000			PC		0,000		PC		D19		   1,000	    1,000	CIF	02
	  10						708850		  0,000							PC	8501079214			   0,000	    0,000

	4504391798							SAPBC		2350	2355		2350		F16
	  10	29.06.2022		29.06.2022			783926		  0,000			PC		0,000		PC		F16		   1,000	    1,000	CIF	02
	  10						783926		  0,000							PC	8501079210			   0,000	    0,000

	4504391799							SAPBC		2350	2355		2350		A14
	  10	29.06.2022		29.06.2022			429041		  0,000			PC		0,000		PC		A14		   1,000	    1,000	CIF	02
	  10						429041		  0,000							PC	8501079217			   0,000	    0,000

	4504391802							SAPBC		2350	2355		2350		A5
	  10	29.06.2022		29.06.2022			561491		  0,000			PC		0,000		PC		A5		   1,000	    1,000	CIF	02
	  20	29.06.2022		29.06.2022			561491		  0,000			PC		0,000		PC		A5		   1,000	    1,000	CIF	02
	  30	29.06.2022		29.06.2022			265558		  0,000			PC		0,000		PC		A5		   1,000	    1,000	CIF	02
	  10						561491		  0,000							PC	8501079216			   0,000	    0,000
	  20						561491		  0,000							PC	8501079216			   0,000	    0,000
	  30						265558		  0,000							PC	8501079216			   0,000	    0,000

	4504391806							SAPBC		2350	2355		2350		D2
	  10	29.06.2022		29.06.2022			536184		  0,000			PC		0,000		PC		D2		   1,000	    1,000	CIF	02
	  10						536184		  0,000							PC	8501079208			   0,000	    0,000

	4504391808							SAPBC		2350	2355		2350		D19
	  10	29.06.2022		29.06.2022			691920		  0,000			PC		0,000		PC		D19		   1,000	    1,000	CIF	02
	  10						691920		  0,000							PC	8501079214			   0,000	    0,000

	4504391835							SAPBC		2350	2355		2350		F16
	  10	29.06.2022		29.06.2022			816200		  0,000			PC		0,000		PC		F16		   1,000	    1,000	CIF	02
	  10						816200		  0,000							PC	8501079210			   0,000	    0,000

	4504391998							SAPBC		2350	2355		2350		D2
	  10	29.06.2022		29.06.2022			441586		  0,000			PC		0,000		PC		D2		   2,000	    2,000	CIF	02
	  20	29.06.2022		29.06.2022			700335		  0,000			PC		0,000		PC		D2		   1,000	    1,000	CIF	02
	  10						441586		  0,000							PC	8501079208			   0,000	    0,000
	  20						700335		  0,000							PC	8501079208			   0,000	    0,000

	4504392217							SAPBC		2350	2355		2350		A5
	  10	29.06.2022		29.06.2022			229369		  0,000			PC		0,000		PC		A5		   1,000	    1,000	CIF	02
	  10						229369		  0,000							PC	8501079216			   0,000	    0,000

	4504393366							SAPBC		2350	2355		2350		A8
	  10	30.06.2022		30.06.2022			863082		  0,000			PC		0,000		PC		A8		  10,000	   10,000	CIF	02
	  10						863082		  0,000							PC	8501079213			   0,000	    0,000
