
	OriginDoc.		PO Number		Date			Created		SOrg.	ShPt		Plnt		SLoc
	Item	Created On		GI Date		DB	Material		Open qty			BUn		CumQty		SU	   SD Doc.	SLoc	Cf	Order qty	ConfirmQty	IncoT	SC	CDl

	4504272475							SAPBC		2350	2355		2350		A7
	  10	22.03.2022		22.03.2022			272646		  0,000			PC		0,000		PC		A7		   1,000	    1,000	CIF	02
	  20	22.03.2022		22.03.2022			272646		  0,000			PC		0,000		PC		A7		   1,000	    0,000	CIF	02
	  30	22.03.2022		22.03.2022			272645		  0,000			PC		0,000		PC		A7		   1,000	    1,000	CIF	02
	  40	22.03.2022		22.03.2022			272647		  0,000			PC		0,000		PC		A7		   1,000	    1,000	CIF	02
	  10						272646		  0,000							PC	8501078227			   0,000	    0,000
	  20						272646		  0,000							PC	8501078227			   0,000	    0,000
	  30						272645		  0,000							PC	8501078227			   0,000	    0,000
	  40						272647		  0,000							PC	8501078227			   0,000	    0,000

	4504281698							SAPBC		2350	2355		2350		D13
	  10	29.03.2022		29.03.2022			270313		  0,000			PC		0,000		PC		D13		   1,000	    1,000	CIF	02
	  10						270313		  0,000							PC	8501078228			   0,000	    0,000

	4504281724							SAPBC		2350	2355		2350		A7
	  10	29.03.2022		29.03.2022			429436		  0,000			PC		0,000		PC		A7		   1,000	    1,000	CIF	02
	  20	29.03.2022		29.03.2022			270313		  0,000			PC		0,000		PC		A7		   1,000	    1,000	CIF	02
	  40	29.03.2022		29.03.2022			273637		  0,000			PC		0,000		PC		A7		   2,000	    2,000	CIF	02
	  10						429436		  0,000							PC	8501078227			   0,000	    0,000
	  20						270313		  0,000							PC	8501078227			   0,000	    0,000
	  40						273637		  0,000							PC	8501078227			   0,000	    0,000

	4504300092							SAPBC		2350	2355		2350		A7
	  10	12.04.2022		12.04.2022			798798		  0,000			PC		0,000		PC		A7		   1,000	    0,000	CIF	02
	  20	12.04.2022		12.04.2022			798748		  0,000			PC		0,000		PC		A7		   1,000	    1,000	CIF	02
	  10						798798		  0,000							PC	8501078227			   0,000	    0,000
	  20						798748		  0,000							PC	8501078227			   0,000	    0,000

	4504326314							SAPBC		2350	2355		2350		D18
	  10	06.05.2022		06.05.2022			270313		  0,000			PC		0,000		PC		D18		   1,000	    1,000	CIF	02
	  20	06.05.2022		06.05.2022			863082		  0,000			PC		0,000		PC		D18		   1,000	    1,000	CIF	02
	  10						270313		  0,000							PC	8501078229			   0,000	    0,000
	  20						863082		  0,000							PC	8501078229			   0,000	    0,000

	4504345388							SAPBC		2350	2355		2350		F18
	  10	21.05.2022		26.05.2022			830936		  0,000			PC		0,000		PC		F18		   1,000	    1,000	CIF	02
	  10						830936		  0,000							PC	8501078230			   0,000	    0,000

	4504347510							SAPBC		2350	2355		2350		A7
	  10	24.05.2022		24.05.2022			535100		  0,000			PC		0,000		PC		A7		   1,000	    1,000	CIF	02
	  10						535100		  0,000							PC	8501078227			   0,000	    0,000

	4504347511							SAPBC		2350	2355		2350		F18
	  10	24.05.2022		24.05.2022			859230		  0,000			PC		0,000		PC		F18		   1,000	    0,000	CIF	02
	  10						859230		  0,000							PC	8501078230			   0,000	    0,000

	4504351124							SAPBC		2350	2355		2350		A7
	  10	26.05.2022		26.05.2022			700365		  0,000			PC		0,000		PC		A7		   1,000	    1,000	CIF	02
	  20	26.05.2022		26.05.2022			452723		  0,000			PC		0,000		PC		A7		   1,000	    1,000	CIF	02
	  30	26.05.2022		26.05.2022			702986		  0,000			PC		0,000		PC		A7		   1,000	    1,000	CIF	02
	  10						700365		  0,000							PC	8501078227			   0,000	    0,000
	  20						452723		  0,000							PC	8501078227			   0,000	    0,000
	  30						702986		  0,000							PC	8501078227			   0,000	    0,000

	4504351136							SAPBC		2350	2355		2350		A7
	  10	26.05.2022		26.05.2022			562079		  0,000			PC		0,000		PC		A7		   1,000	    1,000	CIF	02
	  20	26.05.2022		26.05.2022			830036		  0,000			PC		0,000		PC		A7		   1,000	    0,000	CIF	02
	  10						562079		  0,000							PC	8501078227			   0,000	    0,000
	  20						830036		  0,000							PC	8501078227			   0,000	    0,000

	4504354260							SAPBC		2350	2355		2350		F18
	  10	30.05.2022		30.05.2022			818170		  0,000			PC		0,000		PC		F18		   1,000	    1,000	CIF	02
	  10						818170		  0,000							PC	8501078230			   0,000	    0,000

	4504354266							SAPBC		2350	2355		2350		D25
	  10	30.05.2022		30.05.2022			270313		  0,000			PC		0,000		PC		D25		   1,000	    1,000	CIF	02
	  10						270313		  0,000							PC	8501078231			   0,000	    0,000

	4504356499							SAPBC		2350	2355		2350		F18
	  10	31.05.2022		31.05.2022			818170		  0,000			PC		0,000		PC		F18		   1,000	    1,000	CIF	02
	  10						818170		  0,000							PC	8501078230			   0,000	    0,000

	4504363401							SAPBC		2350	2355		2350		A7
	  10	04.06.2022		09.06.2022			268537		  0,000			PC		0,000		PC		A7		   1,000	    1,000	CIF	02
	  20	04.06.2022		09.06.2022			464524		  0,000			PC		0,000		PC		A7		   1,000	    1,000	CIF	02
	  30	04.06.2022		09.06.2022			484826		  0,000			PC		0,000		PC		A7		   1,000	    1,000	CIF	02
	  10						268537		  0,000							PC	8501078227			   0,000	    0,000
	  20						464524		  0,000							PC	8501078227			   0,000	    0,000
	  30						484826		  0,000							PC	8501078227			   0,000	    0,000

	4504363402							SAPBC		2350	2355		2350		A7
	  10	04.06.2022		09.06.2022			464524		  0,000			PC		0,000		PC		A7		   3,000	    3,000	CIF	02
	  10						464524		  0,000							PC	8501078227			   0,000	    0,000

	4504364662							SAPBC		2350	2355		2350		A7
	  10	07.06.2022		07.06.2022			428931		  0,000			PC		0,000		PC		A7		   1,000	    1,000	CIF	02
	  10						428931		  0,000							PC	8501078227			   0,000	    0,000

	4504370083							SAPBC		2350	2355		2350		F18
	  10	10.06.2022		16.06.2022			413175		  0,000			PC		0,000		PC		F18		   1,000	    1,000	CIF	02
	  20	10.06.2022		16.06.2022			413175		  0,000			PC		0,000		PC		F18		   1,000	    1,000	CIF	02
	  10						413175		  0,000							PC	8501078230			   0,000	    0,000
	  20						413175		  0,000							PC	8501078230			   0,000	    0,000

	4504370093							SAPBC		2350	2355		2350		F18
	  10	10.06.2022		16.06.2022			804997		  0,000			PC		0,000		PC		F18		   1,000	    1,000	CIF	02
	  10						804997		  0,000							PC	8501078230			   0,000	    0,000

	4504370170							SAPBC		2350	2355		2350		A7
	  10	10.06.2022		16.06.2022			415231		  0,000			PC		0,000		PC		A7		   1,000	    1,000	CIF	02
	  10						415231		  0,000							PC	8501078227			   0,000	    0,000

	4504371374							SAPBC		2350	2355		2350		F18
	  10	11.06.2022		16.06.2022			796065		  0,000			PC		0,000		PC		F18		   1,000	    1,000	CIF	02
	  10						796065		  0,000							PC	8501078230			   0,000	    0,000

	4504373474							SAPBC		2350	2355		2350		A7
	  10	14.06.2022		14.06.2022			623254		  0,000			PC		0,000		PC		A7		   1,000	    1,000	CIF	02
	  10						623254		  0,000							PC	8501078227			   0,000	    0,000

	4504377035							SAPBC		2350	2355		2350		F18
	  10	16.06.2022		16.06.2022			818170		  0,000			PC		0,000		PC		F18		   1,000	    1,000	CIF	02
	  10						818170		  0,000							PC	8501078230			   0,000	    0,000

	4504377049							SAPBC		2350	2355		2350		A7
	  10	16.06.2022		16.06.2022			571564		  0,000			PC		0,000		PC		A7		   1,000	    0,000	CIF	02
	  10						571564		  0,000							PC	8501078227			   0,000	    0,000

	4504377053							SAPBC		2350	2355		2350		A7
	  10	16.06.2022		16.06.2022			535420		  0,000			PC		0,000		PC		A7		   1,000	    1,000	CIF	02
	  10						535420		  0,000							PC	8501078227			   0,000	    0,000

	4504378470							SAPBC		2350	2355		2350		F18
	  10	17.06.2022		17.06.2022			429041		  0,000			PC		0,000		PC		F18		   2,000	    2,000	CIF	02
	  10						429041		  0,000							PC	8501078230			   0,000	    0,000

	4504379984							SAPBC		2350	2355		2350		F18
	  10	20.06.2022		20.06.2022			562038		  0,000			PC		0,000		PC		F18		   1,000	    1,000	CIF	02
	  10						562038		  0,000							PC	8501078230			   0,000	    0,000

	4504380072							SAPBC		2350	2355		2350		A5
	  10	20.06.2022		20.06.2022			562792		  0,000			PC		0,000		PC		A5		   1,000	    0,000	CIF	02
	  10						562792		  0,000							PC	8501078232			   0,000	    0,000

	4504385127							SAPBC		2350	2355		2350		F18
	  10	23.06.2022		23.06.2022			287619		  0,000			PC		0,000		PC		F18		   1,000	    1,000	CIF	02
	  10						287619		  0,000							PC	8501078230			   0,000	    0,000

	4504386809							SAPBC		2350	2355		2350		F18
	  10	24.06.2022		24.06.2022			476717		  0,000			PC		0,000		PC		F18		   1,000	    1,000	CIF	02
	  10						476717		  0,000							PC	8501078230			   0,000	    0,000

	4504387240							SAPBC		2350	2355		2350		F16
	  10	24.06.2022		24.06.2022			564070		  0,000			PC		0,000		PC		F16		   1,000	    0,000	CIF	02
	  10						564070		  0,000							PC	8501078233			   0,000	    0,000

	4504388316							SAPBC		2350	2355		2350		A5
	  10	27.06.2022		27.06.2022			230886		  0,000			PC		0,000		PC		A5		   1,000	    1,000	CIF	02
	  10						230886		  0,000							PC	8501078232			   0,000	    0,000

	4504388323							SAPBC		2350	2355		2350		F16
	  10	27.06.2022		27.06.2022			714345		  0,000			PC		0,000		PC		F16		   1,000	    1,000	CIF	02
	  10						714345		  0,000							PC	8501078233			   0,000	    0,000

	4504388324							SAPBC		2350	2355		2350		D2
	  10	27.06.2022		27.06.2022			804997		  0,000			PC		0,000		PC		D2		   2,000	    2,000	CIF	02
	  10						804997		  0,000							PC	8501078234			   0,000	    0,000

	4504388326							SAPBC		2350	2355		2350		A5
	  10	27.06.2022		27.06.2022			708850		  0,000			PC		0,000		PC		A5		   1,000	    1,000	CIF	02
	  20	27.06.2022		27.06.2022			371259		  0,000			PC		0,000		PC		A5		   1,000	    1,000	CIF	02
	  10						708850		  0,000							PC	8501078232			   0,000	    0,000
	  20						371259		  0,000							PC	8501078232			   0,000	    0,000

	4504388328							SAPBC		2350	2355		2350		F16
	  10	27.06.2022		27.06.2022			476225		  0,000			PC		0,000		PC		F16		   1,000	    1,000	CIF	02
	  20	27.06.2022		27.06.2022			429041		  0,000			PC		0,000		PC		F16		   1,000	    1,000	CIF	02
	  10						476225		  0,000							PC	8501078233			   0,000	    0,000
	  20						429041		  0,000							PC	8501078233			   0,000	    0,000

	4504388329							SAPBC		2350	2355		2350		D2
	  10	27.06.2022		27.06.2022			271987		  0,000			PC		0,000		PC		D2		   2,000	    2,000	CIF	02
	  10						271987		  0,000							PC	8501078234			   0,000	    0,000

	4504388333							SAPBC		2350	2355		2350		F16
	  10	27.06.2022		27.06.2022			269514		  0,000			PC		0,000		PC		F16		   1,000	    1,000	CIF	02
	  20	27.06.2022		27.06.2022			704574		  0,000			PC		0,000		PC		F16		   1,000	    1,000	CIF	02
	  10						269514		  0,000							PC	8501078233			   0,000	    0,000
	  20						704574		  0,000							PC	8501078233			   0,000	    0,000

	4504388338							SAPBC		2350	2355		2350		A4
	  10	27.06.2022		27.06.2022			429407		  0,000			PC		0,000		PC		A4		   1,000	    1,000	CIF	02
	  10						429407		  0,000							PC	8501078235			   0,000	    0,000

	4504388339							SAPBC		2350	2355		2350		A4
	  10	27.06.2022		27.06.2022			816200		  0,000			PC		0,000		PC		A4		   1,000	    1,000	CIF	02
	  10						816200		  0,000							PC	8501078235			   0,000	    0,000

	4504388340							SAPBC		2350	2355		2350		D19
	  10	27.06.2022		27.06.2022			484503		  0,000			PC		0,000		PC		D19		   1,000	    1,000	CIF	02
	  10						484503		  0,000							PC	8501078236			   0,000	    0,000

	4504388341							SAPBC		2350	2355		2350		A4
	  10	27.06.2022		27.06.2022			536225		  0,000			PC		0,000		PC		A4		   1,000	    1,000	CIF	02
	  10						536225		  0,000							PC	8501078235			   0,000	    0,000

	4504388342							SAPBC		2350	2355		2350		D2
	  10	27.06.2022		27.06.2022			250845		  0,000			PC		0,000		PC		D2		   1,000	    1,000	CIF	02
	  10						250845		  0,000							PC	8501078234			   0,000	    0,000

	4504388345							SAPBC		2350	2355		2350		A4
	  10	27.06.2022		27.06.2022			350366		  0,000			PC		0,000		PC		A4		   1,000	    1,000	CIF	02
	  20	27.06.2022		27.06.2022			562792		  0,000			PC		0,000		PC		A4		   1,000	    0,000	CIF	02
	  10						350366		  0,000							PC	8501078235			   0,000	    0,000
	  20						562792		  0,000							PC	8501078235			   0,000	    0,000

	4504388346							SAPBC		2350	2355		2350		F16
	  10	27.06.2022		27.06.2022			271987		  0,000			PC		0,000		PC		F16		   1,000	    1,000	CIF	02
	  10						271987		  0,000							PC	8501078233			   0,000	    0,000

	4504388387							SAPBC		2350	2355		2350		D19
	  10	27.06.2022		27.06.2022			428814		  0,000			PC		0,000		PC		D19		   1,000	    1,000	CIF	02
	  10						428814		  0,000							PC	8501078236			   0,000	    0,000

	4504388497							SAPBC		2350	2355		2350		A14
	  10	27.06.2022		27.06.2022			245603		  0,000			PC		0,000		PC		A14		   1,000	    1,000	CIF	02
	  10						245603		  0,000							PC	8501078237			   0,000	    0,000

	4504388517							SAPBC		2350	2355		2350		D2
	  10	27.06.2022		27.06.2022			464719		  0,000			PC		0,000		PC		D2		   1,000	    1,000	CIF	02
	  10						464719		  0,000							PC	8501078234			   0,000	    0,000

	4504388650							SAPBC		2350	2355		2350		A14
	  10	27.06.2022		27.06.2022			535420		  0,000			PC		0,000		PC		A14		   1,000	    1,000	CIF	02
	  20	27.06.2022		27.06.2022			535500		  0,000			PC		0,000		PC		A14		   1,000	    1,000	CIF	02
	  10						535420		  0,000							PC	8501078237			   0,000	    0,000
	  20						535500		  0,000							PC	8501078237			   0,000	    0,000

	4504388663							SAPBC		2350	2355		2350		A14
	  10	27.06.2022		27.06.2022			818170		  0,000			PC		0,000		PC		A14		   1,000	    1,000	CIF	02
	  10						818170		  0,000							PC	8501078237			   0,000	    0,000

	4504388686							SAPBC		2350	2355		2350		A14
	  10	27.06.2022		27.06.2022			429041		  0,000			PC		0,000		PC		A14		   1,000	    1,000	CIF	02
	  10						429041		  0,000							PC	8501078237			   0,000	    0,000

	4504388690							SAPBC		2350	2355		2350		A14
	  10	27.06.2022		27.06.2022			818170		  0,000			PC		0,000		PC		A14		   1,000	    1,000	CIF	02
	  10						818170		  0,000							PC	8501078237			   0,000	    0,000

	4504388703							SAPBC		2350	2355		2350		D2
	  10	27.06.2022		27.06.2022			437867		  0,000			PC		0,000		PC		D2		   1,000	    1,000	CIF	02
	  10						437867		  0,000							PC	8501078234			   0,000	    0,000

	4504389046							SAPBC		2350	2355		2350		A32
	  10	27.06.2022		27.06.2022			429436		  0,000			PC		0,000		PC		A32		   1,000	    1,000	CIF	02
	  10						429436		  0,000							PC	8501078238			   0,000	    0,000
