
	OriginDoc.		PO Number		Date			Created		SOrg.	ShPt		Plnt		SLoc
	Item	Created On		GI Date		DB	Material		Open qty			BUn		CumQty		SU	   SD Doc.	SLoc	Cf	Order qty	ConfirmQty	IncoT	SC	CDl

	4504231241							SAPBC		2350	2355		2350		F16
	  10	17.02.2022		17.02.2022			588152		  0,000			PC		0,000		PC		F16		   1,000	    1,000	CIF	02
	  20	17.02.2022		17.02.2022			796972		  0,000			PC		0,000		PC		F16		   1,000	    1,000	CIF	02
	  10						588152		  0,000							PC	8501077643			   0,000	    0,000
	  20						796972		  0,000							PC	8501077643			   0,000	    0,000

	4504265552							SAPBC		2350	2355		2350		A8
	  10	16.03.2022		16.03.2022			470889		  0,000			PC		0,000		PC		A8		   1,000	    0,000	CIF	02
	  10						470889		  0,000							PC	8501077644			   0,000	    0,000

	4504272475							SAPBC		2350	2355		2350		A7
	  10	22.03.2022		22.03.2022			272646		  0,000			PC		0,000		PC		A7		   1,000	    1,000	CIF	02
	  20	22.03.2022		22.03.2022			272646		  0,000			PC		0,000		PC		A7		   1,000	    0,000	CIF	02
	  30	22.03.2022		22.03.2022			272645		  0,000			PC		0,000		PC		A7		   1,000	    1,000	CIF	02
	  40	22.03.2022		22.03.2022			272647		  0,000			PC		0,000		PC		A7		   1,000	    1,000	CIF	02
	  10						272646		  0,000							PC	8501077645			   0,000	    0,000
	  20						272646		  0,000							PC	8501077645			   0,000	    0,000
	  30						272645		  0,000							PC	8501077645			   0,000	    0,000
	  40						272647		  0,000							PC	8501077645			   0,000	    0,000

	4504286649							SAPBC		2350	2355		2350		I4
	  10	31.03.2022		31.03.2022			233475		  0,000			PC		0,000		PC		I4		   1,000	    1,000	CIF	02
	  10						233475		  0,000							PC	8501077646			   0,000	    0,000

	4504286888							SAPBC		2350	2355		2350		K4
	  10	31.03.2022		31.03.2022			475629		  0,000			PC		0,000		PC		K4		   1,000	    1,000	CIF	02
	  10						475629		  0,000							PC	8501077647			   0,000	    0,000

	4504289262							SAPBC		2350	2355		2350		A8
	  10	04.04.2022		04.04.2022			428811		  0,000			PC		0,000		PC		A8		   1,000	    1,000	CIF	02
	  10						428811		  0,000							PC	8501077644			   0,000	    0,000

	4504294997							SAPBC		2350	2355		2350		D2
	  10	07.04.2022		07.04.2022			493497		  0,000			PC		0,000		PC		D2		   1,000	    1,000	CIF	02
	  20	07.04.2022		07.04.2022			550730		  0,000			PC		0,000		PC		D2		   2,000	    1,000	CIF	02
	  30	07.04.2022		07.04.2022			445250		  0,000			PC		0,000		PC		D2		   1,000	    1,000	CIF	02
	  10						493497		  0,000							PC	8501077648			   0,000	    0,000
	  20						550730		  0,000							PC	8501077648			   0,000	    0,000
	  30						445250		  0,000							PC	8501077648			   0,000	    0,000

	4504300092							SAPBC		2350	2355		2350		A7
	  10	12.04.2022		12.04.2022			798798		  0,000			PC		0,000		PC		A7		   1,000	    0,000	CIF	02
	  20	12.04.2022		12.04.2022			798748		  0,000			PC		0,000		PC		A7		   1,000	    1,000	CIF	02
	  10						798798		  0,000							PC	8501077645			   0,000	    0,000
	  20						798748		  0,000							PC	8501077645			   0,000	    0,000

	4504306965							SAPBC		2350	2355		2350		D2
	  10	19.04.2022		19.04.2022			288806		  0,000			PC		0,000		PC		D2		   1,000	    1,000	CIF	02
	  10						288806		  0,000							PC	8501077648			   0,000	    0,000

	4504306984							SAPBC		2350	2355		2350		D13
	  10	19.04.2022		19.04.2022			233475		  0,000			PC		0,000		PC		D13		   1,000	    1,000	CIF	02
	  20	19.04.2022		19.04.2022			247805		  0,000			PC		0,000		PC		D13		   2,000	    2,000	CIF	02
	  10						233475		  0,000							PC	8501077649			   0,000	    0,000
	  20						247805		  0,000							PC	8501077649			   0,000	    0,000

	4504308790							SAPBC		2350	2355		2350		F3
	  10	20.04.2022		20.04.2022			830936		  0,000			PC		0,000		PC		F3		   1,000	    1,000	CIF	02
	  20	20.04.2022		20.04.2022			838088		  0,000			PC		0,000		PC		F3		   1,000	    1,000	CIF	02
	  10						830936		  0,000							PC	8501077650			   0,000	    0,000
	  20						838088		  0,000							PC	8501077650			   0,000	    0,000

	4504308791							SAPBC		2350	2355		2350		F3
	  10	20.04.2022		20.04.2022			830936		  0,000			PC		0,000		PC		F3		   1,000	    1,000	CIF	02
	  20	20.04.2022		20.04.2022			838088		  0,000			PC		0,000		PC		F3		   1,000	    1,000	CIF	02
	  10						830936		  0,000							PC	8501077650			   0,000	    0,000
	  20						838088		  0,000							PC	8501077650			   0,000	    0,000

	4504308814							SAPBC		2350	2355		2350		I3
	  10	20.04.2022		20.04.2022			441928		  0,000			PC		0,000		PC		I3		   1,000	    1,000	CIF	02
	  10						441928		  0,000							PC	8501077651			   0,000	    0,000

	4504308909							SAPBC		2350	2355		2350		A32
	  10	20.04.2022		20.04.2022			588152		  0,000			PC		0,000		PC		A32		   1,000	    1,000	CIF	02
	  10						588152		  0,000							PC	8501077652			   0,000	    0,000

	4504309064							SAPBC		2350	2355		2350		A14
	  10	20.04.2022		20.04.2022			700335		  0,000			PC		0,000		PC		A14		   1,000	    1,000	CIF	02
	  20	20.04.2022		20.04.2022			811909		  0,000			PC		0,000		PC		A14		   1,000	    1,000	CIF	02
	  30	20.04.2022		20.04.2022			428931		  0,000			PC		0,000		PC		A14		   1,000	    1,000	CIF	02
	  10						700335		  0,000							PC	8501077653			   0,000	    0,000
	  20						811909		  0,000							PC	8501077653			   0,000	    0,000
	  30						428931		  0,000							PC	8501077653			   0,000	    0,000

	4504315769							SAPBC		2350	2355		2350		A4
	  10	26.04.2022		26.04.2022			428931		  0,000			PC		0,000		PC		A4		   1,000	    1,000	CIF	02
	  10						428931		  0,000							PC	8501077654			   0,000	    0,000

	4504317984							SAPBC		2350	2355		2350		A4
	  10	28.04.2022		28.04.2022			441928		  0,000			PC		0,000		PC		A4		   1,000	    1,000	CIF	02
	  20	28.04.2022		28.04.2022			413175		  0,000			PC		0,000		PC		A4		   2,000	    2,000	CIF	02
	  30	28.04.2022		28.04.2022			268537		  0,000			PC		0,000		PC		A4		   1,000	    1,000	CIF	02
	  10						441928		  0,000							PC	8501077654			   0,000	    0,000
	  20						413175		  0,000							PC	8501077654			   0,000	    0,000
	  30						268537		  0,000							PC	8501077654			   0,000	    0,000

	4504319394							SAPBC		2350	2355		2350		F16
	  10	29.04.2022		29.04.2022			550730		  0,000			PC		0,000		PC		F16		   1,000	    1,000	CIF	02
	  20	29.04.2022		29.04.2022			700242		  0,000			PC		0,000		PC		F16		   1,000	    1,000	CIF	02
	  30	29.04.2022		29.04.2022			457596		  0,000			PC		0,000		PC		F16		   1,000	    1,000	CIF	02
	  10						550730		  0,000							PC	8501077643			   0,000	    0,000
	  20						700242		  0,000							PC	8501077643			   0,000	    0,000
	  30						457596		  0,000							PC	8501077643			   0,000	    0,000

	4504321457							SAPBC		2350	2355		2350		A4
	  10	03.05.2022		03.05.2022			550730		  0,000			PC		0,000		PC		A4		   1,000	    1,000	CIF	02
	  10						550730		  0,000							PC	8501077654			   0,000	    0,000

	4504322390							SAPBC		2350	2355		2350		I4
	  10	03.05.2022		03.05.2022			441928		  0,000			PC		0,000		PC		I4		   1,000	    1,000	CIF	02
	  20	03.05.2022		03.05.2022			441935		  0,000			PC		0,000		PC		I4		   1,000	    1,000	CIF	02
	  30	03.05.2022		03.05.2022			503239		  0,000			PC		0,000		PC		I4		   1,000	    1,000	CIF	02
	  10						441928		  0,000							PC	8501077646			   0,000	    0,000
	  20						441935		  0,000							PC	8501077646			   0,000	    0,000
	  30						503239		  0,000							PC	8501077646			   0,000	    0,000

	4504326318							SAPBC		2350	2355		2350		I3
	  10	06.05.2022		06.05.2022			588152		  0,000			PC		0,000		PC		I3		   2,000	    2,000	CIF	02
	  10						588152		  0,000							PC	8501077651			   0,000	    0,000

	4504327827							SAPBC		2350	2355		2350		A5
	  10	09.05.2022		09.05.2022			824926		  0,000			PC		0,000		PC		A5		   1,000	    1,000	CIF	02
	  10						824926		  0,000							PC	8501077655			   0,000	    0,000

	4504327892							SAPBC		2350	2355		2350		A5
	  10	09.05.2022		09.05.2022			562079		  0,000			PC		0,000		PC		A5		   1,000	    1,000	CIF	02
	  20	09.05.2022		09.05.2022			558721		  0,000			PC		0,000		PC		A5		   1,000	    1,000	CIF	02
	  10						562079		  0,000							PC	8501077655			   0,000	    0,000
	  20						558721		  0,000							PC	8501077655			   0,000	    0,000

	4504329742							SAPBC		2350	2355		2350		A8
	  10	10.05.2022		10.05.2022			273637		  0,000			PC		0,000		PC		A8		   2,000	    2,000	CIF	02
	  10						273637		  0,000							PC	8501077644			   0,000	    0,000

	4504329763							SAPBC		2350	2355		2350		F16
	  10	10.05.2022		10.05.2022			233475		  0,000			PC		0,000		PC		F16		   1,000	    1,000	CIF	02
	  20	10.05.2022		10.05.2022			708850		  0,000			PC		0,000		PC		F16		   1,000	    1,000	CIF	02
	  10						233475		  0,000							PC	8501077643			   0,000	    0,000
	  20						708850		  0,000							PC	8501077643			   0,000	    0,000

	4504331658							SAPBC		2350	2355		2350		D19
	  10	11.05.2022		11.05.2022			824926		  0,000			PC		0,000		PC		D19		   2,000	    1,000	CIF	02
	  10						824926		  0,000							PC	8501077656			   0,000	    0,000

	4504333959							SAPBC		2350	2355		2350		D19
	  10	12.05.2022		12.05.2022			411487		  0,000			PC		0,000		PC		D19		   1,000	    1,000	CIF	02
	  20	12.05.2022		12.05.2022			233475		  0,000			PC		0,000		PC		D19		   1,000	    1,000	CIF	02
	  30	12.05.2022		12.05.2022			247805		  0,000			PC		0,000		PC		D19		   2,000	    2,000	CIF	02
	  40	12.05.2022		12.05.2022			268537		  0,000			PC		0,000		PC		D19		   1,000	    1,000	CIF	02
	  10						411487		  0,000							PC	8501077656			   0,000	    0,000
	  20						233475		  0,000							PC	8501077656			   0,000	    0,000
	  30						247805		  0,000							PC	8501077656			   0,000	    0,000
	  40						268537		  0,000							PC	8501077656			   0,000	    0,000

	4504335131							SAPBC		2350	2355		2350		I4
	  10	13.05.2022		13.05.2022			441928		  0,000			PC		0,000		PC		I4		   1,000	    1,000	CIF	02
	  20	13.05.2022		13.05.2022			708850		  0,000			PC		0,000		PC		I4		   1,000	    1,000	CIF	02
	  30	13.05.2022		13.05.2022			503239		  0,000			PC		0,000		PC		I4		   1,000	    1,000	CIF	02
	  10						441928		  0,000							PC	8501077646			   0,000	    0,000
	  20						708850		  0,000							PC	8501077646			   0,000	    0,000
	  30						503239		  0,000							PC	8501077646			   0,000	    0,000

	4504335132							SAPBC		2350	2355		2350		I4
	  10	13.05.2022		13.05.2022			824926		  0,000			PC		0,000		PC		I4		   2,000	    2,000	CIF	02
	  10						824926		  0,000							PC	8501077646			   0,000	    0,000

	4504336597							SAPBC		2350	2355		2350		I4
	  10	14.05.2022		19.05.2022			441928		  0,000			PC		0,000		PC		I4		   1,000	    1,000	CIF	02
	  20	14.05.2022		19.05.2022			440248		  0,000			PC		0,000		PC		I4		   1,000	    1,000	CIF	02
	  10						441928		  0,000							PC	8501077646			   0,000	    0,000
	  20						440248		  0,000							PC	8501077646			   0,000	    0,000

	4504336865							SAPBC		2350	2355		2350		A5
	  10	16.05.2022		16.05.2022			700202		  0,000			PC		0,000		PC		A5		   1,000	    1,000	CIF	02
	  10						700202		  0,000							PC	8501077655			   0,000	    0,000

	4504340888							SAPBC		2350	2355		2350		I4
	  10	18.05.2022		18.05.2022			562079		  0,000			PC		0,000		PC		I4		   1,000	    1,000	CIF	02
	  10						562079		  0,000							PC	8501077646			   0,000	    0,000

	4504344060							SAPBC		2350	2355		2350		A4
	  10	20.05.2022		20.05.2022			824926		  0,000			PC		0,000		PC		A4		   1,000	    1,000	CIF	02
	  20	20.05.2022		20.05.2022			838088		  0,000			PC		0,000		PC		A4		   1,000	    1,000	CIF	02
	  30	20.05.2022		20.05.2022			717606		  0,000			PC		0,000		PC		A4		   1,000	    0,000	CIF	02
	  10						824926		  0,000							PC	8501077654			   0,000	    0,000
	  20						838088		  0,000							PC	8501077654			   0,000	    0,000
	  30						717606		  0,000							PC	8501077654			   0,000	    0,000

	4504345388							SAPBC		2350	2355		2350		F18
	  10	21.05.2022		26.05.2022			830936		  0,000			PC		0,000		PC		F18		   1,000	    1,000	CIF	02
	  10						830936		  0,000							PC	8501077657			   0,000	    0,000

	4504345756							SAPBC		2350	2355		2350		A14
	  10	23.05.2022		23.05.2022			441928		  0,000			PC		0,000		PC		A14		   1,000	    1,000	CIF	02
	  20	23.05.2022		23.05.2022			413175		  0,000			PC		0,000		PC		A14		   2,000	    2,000	CIF	02
	  10						441928		  0,000							PC	8501077653			   0,000	    0,000
	  20						413175		  0,000							PC	8501077653			   0,000	    0,000

	4504347485							SAPBC		2350	2355		2350		A5
	  10	24.05.2022		24.05.2022			562079		  0,000			PC		0,000		PC		A5		   1,000	    1,000	CIF	02
	  10						562079		  0,000							PC	8501077655			   0,000	    0,000

	4504347510							SAPBC		2350	2355		2350		A7
	  10	24.05.2022		24.05.2022			535100		  0,000			PC		0,000		PC		A7		   1,000	    1,000	CIF	02
	  10						535100		  0,000							PC	8501077645			   0,000	    0,000

	4504347511							SAPBC		2350	2355		2350		F18
	  10	24.05.2022		24.05.2022			859230		  0,000			PC		0,000		PC		F18		   1,000	    0,000	CIF	02
	  10						859230		  0,000							PC	8501077657			   0,000	    0,000

	4504347556							SAPBC		2350	2355		2350		I3
	  10	24.05.2022		24.05.2022			824926		  0,000			PC		0,000		PC		I3		   1,000	    1,000	CIF	02
	  10						824926		  0,000							PC	8501077651			   0,000	    0,000

	4504349554							SAPBC		2350	2355		2350		A5
	  20	25.05.2022		25.05.2022			807789		  0,000			PC		0,000		PC		A5		   1,000	    0,000	CIF	02
	  20						807789		  0,000							PC	8501077655			   0,000	    0,000

	4504351124							SAPBC		2350	2355		2350		A7
	  10	26.05.2022		26.05.2022			700365		  0,000			PC		0,000		PC		A7		   1,000	    1,000	CIF	02
	  20	26.05.2022		26.05.2022			452723		  0,000			PC		0,000		PC		A7		   1,000	    1,000	CIF	02
	  30	26.05.2022		26.05.2022			702986		  0,000			PC		0,000		PC		A7		   1,000	    1,000	CIF	02
	  10						700365		  0,000							PC	8501077645			   0,000	    0,000
	  20						452723		  0,000							PC	8501077645			   0,000	    0,000
	  30						702986		  0,000							PC	8501077645			   0,000	    0,000

	4504351136							SAPBC		2350	2355		2350		A7
	  10	26.05.2022		26.05.2022			562079		  0,000			PC		0,000		PC		A7		   1,000	    1,000	CIF	02
	  20	26.05.2022		26.05.2022			830036		  0,000			PC		0,000		PC		A7		   1,000	    0,000	CIF	02
	  10						562079		  0,000							PC	8501077645			   0,000	    0,000
	  20						830036		  0,000							PC	8501077645			   0,000	    0,000

	4504352433							SAPBC		2350	2355		2350		A4
	  10	27.05.2022		27.05.2022			830936		  0,000			PC		0,000		PC		A4		   1,000	    1,000	CIF	02
	  10						830936		  0,000							PC	8501077654			   0,000	    0,000

	4504352437							SAPBC		2350	2355		2350		A5
	  10	27.05.2022		27.05.2022			562079		  0,000			PC		0,000		PC		A5		   1,000	    1,000	CIF	02
	  10						562079		  0,000							PC	8501077655			   0,000	    0,000

	4504352471							SAPBC		2350	2355		2350		A8
	  10	27.05.2022		27.05.2022			429407		  0,000			PC		0,000		PC		A8		   1,000	    1,000	CIF	02
	  10						429407		  0,000							PC	8501077644			   0,000	    0,000

	4504352488							SAPBC		2350	2355		2350		D18
	  10	27.05.2022		27.05.2022			824926		  0,000			PC		0,000		PC		D18		   1,000	    1,000	CIF	02
	  10						824926		  0,000							PC	8501077658			   0,000	    0,000

	4504353219							SAPBC		2350	2355		2350		I4
	  10	27.05.2022		27.05.2022			795707		  0,000			PC		0,000		PC		I4		   1,000	    1,000	CIF	02
	  20	27.05.2022		27.05.2022			545949		  0,000			PC		0,000		PC		I4		   1,000	    0,000	CIF	02
	  10						795707		  0,000							PC	8501077646			   0,000	    0,000
	  20						545949		  0,000							PC	8501077646			   0,000	    0,000

	4504354260							SAPBC		2350	2355		2350		F18
	  10	30.05.2022		30.05.2022			818170		  0,000			PC		0,000		PC		F18		   1,000	    1,000	CIF	02
	  10						818170		  0,000							PC	8501077657			   0,000	    0,000

	4504354530							SAPBC		2350	2355		2350		A14
	  10	30.05.2022		30.05.2022			714345		  0,000			PC		0,000		PC		A14		   1,000	    1,000	CIF	02
	  10						714345		  0,000							PC	8501077653			   0,000	    0,000

	4504356172							SAPBC		2350	2355		2350		A32
	  10	31.05.2022		31.05.2022			714345		  0,000			PC		0,000		PC		A32		   1,000	    1,000	CIF	02
	  10						714345		  0,000							PC	8501077652			   0,000	    0,000

	4504356175							SAPBC		2350	2355		2350		D18
	  10	31.05.2022		31.05.2022			545953		  0,000			PC		0,000		PC		D18		   1,000	    1,000	CIF	02
	  20	31.05.2022		31.05.2022			700325		  0,000			PC		0,000		PC		D18		   1,000	    1,000	CIF	02
	  30	31.05.2022		31.05.2022			714345		  0,000			PC		0,000		PC		D18		   1,000	    1,000	CIF	02
	  40	31.05.2022		31.05.2022			689755		  0,000			PC		0,000		PC		D18		   1,000	    1,000	CIF	02
	  10						545953		  0,000							PC	8501077658			   0,000	    0,000
	  20						700325		  0,000							PC	8501077658			   0,000	    0,000
	  30						714345		  0,000							PC	8501077658			   0,000	    0,000
	  40						689755		  0,000							PC	8501077658			   0,000	    0,000

	4504356211							SAPBC		2350	2355		2350		A4
	  30	31.05.2022		31.05.2022			559497		  0,000			PC		0,000		PC		A4		   1,000	    0,000	CIF	02
	  30						559497		  0,000							PC	8501077654			   0,000	    0,000

	4504356499							SAPBC		2350	2355		2350		F18
	  10	31.05.2022		31.05.2022			818170		  0,000			PC		0,000		PC		F18		   1,000	    1,000	CIF	02
	  10						818170		  0,000							PC	8501077657			   0,000	    0,000

	4504358253							SAPBC		2350	2355		2350		D2
	  10	01.06.2022		01.06.2022			474365		  0,000			PC		0,000		PC		D2		   2,000	    2,000	CIF	02
	  10						474365		  0,000							PC	8501077648			   0,000	    0,000

	4504358290							SAPBC		2350	2355		2350		I3
	  10	01.06.2022		01.06.2022			714345		  0,000			PC		0,000		PC		I3		   1,000	    1,000	CIF	02
	  10						714345		  0,000							PC	8501077651			   0,000	    0,000

	4504360033							SAPBC		2350	2355		2350		F16
	  20	02.06.2022		02.06.2022			515330		  0,000			PC		0,000		PC		F16		   1,000	    1,000	CIF	02
	  30	02.06.2022		02.06.2022			812045		  0,000			PC		0,000		PC		F16		   1,000	    0,000	CIF	02
	  20						515330		  0,000							PC	8501077643			   0,000	    0,000
	  30						812045		  0,000							PC	8501077643			   0,000	    0,000

	4504360080							SAPBC		2350	2355		2350		A5
	  10	02.06.2022		02.06.2022			441303		  0,000			PC		0,000		PC		A5		   1,000	    1,000	CIF	02
	  20	02.06.2022		02.06.2022			474365		  0,000			PC		0,000		PC		A5		   1,000	    1,000	CIF	02
	  10						441303		  0,000							PC	8501077655			   0,000	    0,000
	  20						474365		  0,000							PC	8501077655			   0,000	    0,000

	4504360108							SAPBC		2350	2355		2350		A14
	  10	02.06.2022		02.06.2022			714345		  0,000			PC		0,000		PC		A14		   1,000	    1,000	CIF	02
	  10						714345		  0,000							PC	8501077653			   0,000	    0,000

	4504361944							SAPBC		2350	2355		2350		D18
	  10	03.06.2022		03.06.2022			474365		  0,000			PC		0,000		PC		D18		   1,000	    1,000	CIF	02
	  30	03.06.2022		03.06.2022			700482		  0,000			PC		0,000		PC		D18		   1,000	    1,000	CIF	02
	  10						474365		  0,000							PC	8501077658			   0,000	    0,000
	  30						700482		  0,000							PC	8501077658			   0,000	    0,000

	4504361965							SAPBC		2350	2355		2350		A5
	  10	03.06.2022		03.06.2022			588152		  0,000			PC		0,000		PC		A5		   1,000	    1,000	CIF	02
	  10						588152		  0,000							PC	8501077655			   0,000	    0,000

	4504361966							SAPBC		2350	2355		2350		F16
	  10	03.06.2022		03.06.2022			796973		  0,000			PC		0,000		PC		F16		   1,000	    1,000	CIF	02
	  10						796973		  0,000							PC	8501077643			   0,000	    0,000

	4504363401							SAPBC		2350	2355		2350		A7
	  10	04.06.2022		09.06.2022			268537		  0,000			PC		0,000		PC		A7		   1,000	    1,000	CIF	02
	  20	04.06.2022		09.06.2022			464524		  0,000			PC		0,000		PC		A7		   1,000	    1,000	CIF	02
	  30	04.06.2022		09.06.2022			484826		  0,000			PC		0,000		PC		A7		   1,000	    1,000	CIF	02
	  10						268537		  0,000							PC	8501077645			   0,000	    0,000
	  20						464524		  0,000							PC	8501077645			   0,000	    0,000
	  30						484826		  0,000							PC	8501077645			   0,000	    0,000

	4504363402							SAPBC		2350	2355		2350		A7
	  10	04.06.2022		09.06.2022			464524		  0,000			PC		0,000		PC		A7		   3,000	    3,000	CIF	02
	  10						464524		  0,000							PC	8501077645			   0,000	    0,000

	4504363584							SAPBC		2350	2355		2350		A5
	  10	06.06.2022		06.06.2022			411487		  0,000			PC		0,000		PC		A5		   1,000	    1,000	CIF	02
	  20	06.06.2022		06.06.2022			233475		  0,000			PC		0,000		PC		A5		   1,000	    1,000	CIF	02
	  10						411487		  0,000							PC	8501077655			   0,000	    0,000
	  20						233475		  0,000							PC	8501077655			   0,000	    0,000

	4504363585							SAPBC		2350	2355		2350		D19
	  10	06.06.2022		06.06.2022			562079		  0,000			PC		0,000		PC		D19		   1,000	    1,000	CIF	02
	  10						562079		  0,000							PC	8501077656			   0,000	    0,000

	4504363609							SAPBC		2350	2355		2350		A5
	  10	06.06.2022		06.06.2022			562038		  0,000			PC		0,000		PC		A5		   1,000	    1,000	CIF	02
	  10						562038		  0,000							PC	8501077655			   0,000	    0,000

	4504363610							SAPBC		2350	2355		2350		F16
	  10	06.06.2022		06.06.2022			562038		  0,000			PC		0,000		PC		F16		   1,000	    1,000	CIF	02
	  10						562038		  0,000							PC	8501077643			   0,000	    0,000

	4504363749							SAPBC		2350	2355		2350		A14
	  20	06.06.2022		06.06.2022			562038		  0,000			PC		0,000		PC		A14		   1,000	    1,000	CIF	02
	  20						562038		  0,000							PC	8501077653			   0,000	    0,000

	4504364662							SAPBC		2350	2355		2350		A7
	  10	07.06.2022		07.06.2022			428931		  0,000			PC		0,000		PC		A7		   1,000	    1,000	CIF	02
	  10						428931		  0,000							PC	8501077645			   0,000	    0,000

	4504364671							SAPBC		2350	2355		2350		F16
	  10	07.06.2022		07.06.2022			796973		  0,000			PC		0,000		PC		F16		   1,000	    1,000	CIF	02
	  10						796973		  0,000							PC	8501077643			   0,000	    0,000

	4504364677							SAPBC		2350	2355		2350		F16
	  10	07.06.2022		07.06.2022			796973		  0,000			PC		0,000		PC		F16		   1,000	    1,000	CIF	02
	  10						796973		  0,000							PC	8501077643			   0,000	    0,000

	4504368397							SAPBC		2350	2355		2350		D2
	  10	09.06.2022		09.06.2022			824926		  0,000			PC		0,000		PC		D2		   1,000	    1,000	CIF	02
	  10						824926		  0,000							PC	8501077648			   0,000	    0,000

	4504370081							SAPBC		2350	2355		2350		D19
	  10	10.06.2022		16.06.2022			824926		  0,000			PC		0,000		PC		D19		   2,000	    2,000	CIF	02
	  10						824926		  0,000							PC	8501077656			   0,000	    0,000

	4504370083							SAPBC		2350	2355		2350		F18
	  10	10.06.2022		16.06.2022			413175		  0,000			PC		0,000		PC		F18		   1,000	    1,000	CIF	02
	  20	10.06.2022		16.06.2022			413175		  0,000			PC		0,000		PC		F18		   1,000	    1,000	CIF	02
	  10						413175		  0,000							PC	8501077657			   0,000	    0,000
	  20						413175		  0,000							PC	8501077657			   0,000	    0,000

	4504370093							SAPBC		2350	2355		2350		F18
	  10	10.06.2022		16.06.2022			804997		  0,000			PC		0,000		PC		F18		   1,000	    1,000	CIF	02
	  10						804997		  0,000							PC	8501077657			   0,000	    0,000

	4504370170							SAPBC		2350	2355		2350		A7
	  10	10.06.2022		16.06.2022			415231		  0,000			PC		0,000		PC		A7		   1,000	    1,000	CIF	02
	  10						415231		  0,000							PC	8501077645			   0,000	    0,000

	4504371374							SAPBC		2350	2355		2350		F18
	  10	11.06.2022		16.06.2022			796065		  0,000			PC		0,000		PC		F18		   1,000	    1,000	CIF	02
	  10						796065		  0,000							PC	8501077657			   0,000	    0,000

	4504371511							SAPBC		2350	2355		2350		I4
	  10	12.06.2022		16.06.2022			545949		  0,000			PC		0,000		PC		I4		   1,000	    1,000	CIF	02
	  10						545949		  0,000							PC	8501077646			   0,000	    0,000

	4504371618							SAPBC		2350	2355		2350		F16
	  10	13.06.2022		13.06.2022			512069		  0,000			PC		0,000		PC		F16		   1,000	    1,000	CIF	02
	  20	13.06.2022		13.06.2022			796973		  0,000			PC		0,000		PC		F16		   1,000	    1,000	CIF	02
	  10						512069		  0,000							PC	8501077643			   0,000	    0,000
	  20						796973		  0,000							PC	8501077643			   0,000	    0,000

	4504372408							SAPBC		2350	2355		2350		I4
	  10	13.06.2022		13.06.2022			795559		  0,000			PC		0,000		PC		I4		   1,000	    1,000	CIF	02
	  20	13.06.2022		13.06.2022			545949		  0,000			PC		0,000		PC		I4		   1,000	    0,000	CIF	02
	  30	13.06.2022		13.06.2022			818169		  0,000			PC		0,000		PC		I4		   1,000	    1,000	CIF	02
	  10						795559		  0,000							PC	8501077646			   0,000	    0,000
	  20						545949		  0,000							PC	8501077646			   0,000	    0,000
	  30						818169		  0,000							PC	8501077646			   0,000	    0,000

	4504373387							SAPBC		2350	2355		2350		A5
	  10	14.06.2022		14.06.2022			545953		  0,000			PC		0,000		PC		A5		   1,000	    1,000	CIF	02
	  10						545953		  0,000							PC	8501077655			   0,000	    0,000

	4504373413							SAPBC		2350	2355		2350		A21
	  10	14.06.2022		14.06.2022			806805		  0,000			PC		0,000		PC		A21		   1,000	    0,000	CIF	02
	  10						806805		  0,000							PC	8501077659			   0,000	    0,000

	4504373425							SAPBC		2350	2355		2350		A4
	  10	14.06.2022		14.06.2022			475657		  0,000			PC		0,000		PC		A4		   1,000	    1,000	CIF	02
	  20	14.06.2022		14.06.2022			475656		  0,000			PC		0,000		PC		A4		   1,000	    1,000	CIF	02
	  10						475657		  0,000							PC	8501077654			   0,000	    0,000
	  20						475656		  0,000							PC	8501077654			   0,000	    0,000

	4504373426							SAPBC		2350	2355		2350		D18
	  10	14.06.2022		14.06.2022			562038		  0,000			PC		0,000		PC		D18		   1,000	    1,000	CIF	02
	  10						562038		  0,000							PC	8501077658			   0,000	    0,000

	4504373474							SAPBC		2350	2355		2350		A7
	  10	14.06.2022		14.06.2022			623254		  0,000			PC		0,000		PC		A7		   1,000	    1,000	CIF	02
	  10						623254		  0,000							PC	8501077645			   0,000	    0,000

	4504373907							SAPBC		2350	2355		2350		A4
	  10	14.06.2022		14.06.2022			727706		  0,000			PC		0,000		PC		A4		   1,000	    1,000	CIF	02
	  20	14.06.2022		14.06.2022			727216		  0,000			PC		0,000		PC		A4		   1,000	    0,000	CIF	02
	  10						727706		  0,000							PC	8501077654			   0,000	    0,000
	  20						727216		  0,000							PC	8501077654			   0,000	    0,000

	4504373928							SAPBC		2350	2355		2350		A4
	  10	14.06.2022		14.06.2022			251260		  0,000			PC		0,000		PC		A4		   1,000	    1,000	CIF	02
	  20	14.06.2022		14.06.2022			824926		  0,000			PC		0,000		PC		A4		   1,000	    1,000	CIF	02
	  30	14.06.2022		14.06.2022			233475		  0,000			PC		0,000		PC		A4		   1,000	    1,000	CIF	02
	  40	14.06.2022		14.06.2022			247805		  0,000			PC		0,000		PC		A4		   2,000	    2,000	CIF	02
	  10						251260		  0,000							PC	8501077654			   0,000	    0,000
	  20						824926		  0,000							PC	8501077654			   0,000	    0,000
	  30						233475		  0,000							PC	8501077654			   0,000	    0,000
	  40						247805		  0,000							PC	8501077654			   0,000	    0,000

	4504375430							SAPBC		2350	2355		2350		A5
	  10	15.06.2022		15.06.2022			437867		  0,000			PC		0,000		PC		A5		   1,000	    1,000	CIF	02
	  10						437867		  0,000							PC	8501077655			   0,000	    0,000

	4504376386							SAPBC		2350	2355		2350		I4
	  10	15.06.2022		15.06.2022			545949		  0,000			PC		0,000		PC		I4		   2,000	    0,000	CIF	02
	  10						545949		  0,000							PC	8501077646			   0,000	    0,000

	4504377007							SAPBC		2350	2355		2350		I4
	  10	16.06.2022		16.06.2022			795559		  0,000			PC		0,000		PC		I4		   1,000	    1,000	CIF	02
	  20	16.06.2022		16.06.2022			512069		  0,000			PC		0,000		PC		I4		   1,000	    1,000	CIF	02
	  30	16.06.2022		16.06.2022			545949		  0,000			PC		0,000		PC		I4		   1,000	    0,000	CIF	02
	  10						795559		  0,000							PC	8501077646			   0,000	    0,000
	  20						512069		  0,000							PC	8501077646			   0,000	    0,000
	  30						545949		  0,000							PC	8501077646			   0,000	    0,000

	4504377013							SAPBC		2350	2355		2350		F16
	  10	16.06.2022		16.06.2022			429407		  0,000			PC		0,000		PC		F16		   1,000	    1,000	CIF	02
	  10						429407		  0,000							PC	8501077643			   0,000	    0,000

	4504377032							SAPBC		2350	2355		2350		A4
	  10	16.06.2022		16.06.2022			562038		  0,000			PC		0,000		PC		A4		   1,000	    1,000	CIF	02
	  20	16.06.2022		16.06.2022			830036		  0,000			PC		0,000		PC		A4		   1,000	    1,000	CIF	02
	  10						562038		  0,000							PC	8501077654			   0,000	    0,000
	  20						830036		  0,000							PC	8501077654			   0,000	    0,000

	4504377035							SAPBC		2350	2355		2350		F18
	  10	16.06.2022		16.06.2022			818170		  0,000			PC		0,000		PC		F18		   1,000	    1,000	CIF	02
	  10						818170		  0,000							PC	8501077657			   0,000	    0,000

	4504377049							SAPBC		2350	2355		2350		A7
	  10	16.06.2022		16.06.2022			571564		  0,000			PC		0,000		PC		A7		   1,000	    0,000	CIF	02
	  10						571564		  0,000							PC	8501077645			   0,000	    0,000

	4504377053							SAPBC		2350	2355		2350		A7
	  10	16.06.2022		16.06.2022			535420		  0,000			PC		0,000		PC		A7		   1,000	    1,000	CIF	02
	  10						535420		  0,000							PC	8501077645			   0,000	    0,000

	4504377099							SAPBC		2350	2355		2350		A5
	  10	16.06.2022		16.06.2022			562079		  0,000			PC		0,000		PC		A5		   1,000	    1,000	CIF	02
	  10						562079		  0,000							PC	8501077655			   0,000	    0,000

	4504378464							SAPBC		2350	2355		2350		A4
	  10	17.06.2022		17.06.2022			499698		  0,000			PC		0,000		PC		A4		   1,000	    0,000	CIF	02
	  20	17.06.2022		17.06.2022			499699		  0,000			PC		0,000		PC		A4		   1,000	    1,000	CIF	02
	  10						499698		  0,000							PC	8501077654			   0,000	    0,000
	  20						499699		  0,000							PC	8501077654			   0,000	    0,000

	4504378470							SAPBC		2350	2355		2350		F18
	  10	17.06.2022		17.06.2022			429041		  0,000			PC		0,000		PC		F18		   2,000	    2,000	CIF	02
	  10						429041		  0,000							PC	8501077657			   0,000	    0,000

	4504379902							SAPBC		2350	2355		2350		I4
	  10	19.06.2022		23.06.2022			796065		  0,000			PC		0,000		PC		I4		   1,000	    1,000	CIF	02
	  20	19.06.2022		23.06.2022			536184		  0,000			PC		0,000		PC		I4		   1,000	    1,000	CIF	02
	  10						796065		  0,000							PC	8501077646			   0,000	    0,000
	  20						536184		  0,000							PC	8501077646			   0,000	    0,000

	4504379977							SAPBC		2350	2355		2350		A5
	  10	20.06.2022		20.06.2022			457596		  0,000			PC		0,000		PC		A5		   1,000	    1,000	CIF	02
	  10						457596		  0,000							PC	8501077655			   0,000	    0,000

	4504379984							SAPBC		2350	2355		2350		F18
	  10	20.06.2022		20.06.2022			562038		  0,000			PC		0,000		PC		F18		   1,000	    1,000	CIF	02
	  10						562038		  0,000							PC	8501077657			   0,000	    0,000

	4504379987							SAPBC		2350	2355		2350		D18
	  10	20.06.2022		20.06.2022			795559		  0,000			PC		0,000		PC		D18		   1,000	    1,000	CIF	02
	  30	20.06.2022		20.06.2022			588152		  0,000			PC		0,000		PC		D18		   1,000	    1,000	CIF	02
	  10						795559		  0,000							PC	8501077658			   0,000	    0,000
	  30						588152		  0,000							PC	8501077658			   0,000	    0,000

	4504380026							SAPBC		2350	2355		2350		A4
	  10	20.06.2022		20.06.2022			824926		  0,000			PC		0,000		PC		A4		   1,000	    1,000	CIF	02
	  20	20.06.2022		20.06.2022			658696		  0,000			PC		0,000		PC		A4		   1,000	    0,000	CIF	02
	  30	20.06.2022		20.06.2022			838088		  0,000			PC		0,000		PC		A4		   1,000	    1,000	CIF	02
	  10						824926		  0,000							PC	8501077654			   0,000	    0,000
	  20						658696		  0,000							PC	8501077654			   0,000	    0,000
	  30						838088		  0,000							PC	8501077654			   0,000	    0,000

	4504380048							SAPBC		2350	2355		2350		A14
	  10	20.06.2022		20.06.2022			796065		  0,000			PC		0,000		PC		A14		   1,000	    1,000	CIF	02
	  10						796065		  0,000							PC	8501077653			   0,000	    0,000

	4504380611							SAPBC		2350	2355		2350		D2
	  10	20.06.2022		20.06.2022			714345		  0,000			PC		0,000		PC		D2		   1,000	    1,000	CIF	02
	  20	20.06.2022		20.06.2022			545953		  0,000			PC		0,000		PC		D2		   1,000	    1,000	CIF	02
	  10						714345		  0,000							PC	8501077648			   0,000	    0,000
	  20						545953		  0,000							PC	8501077648			   0,000	    0,000

	4504381762							SAPBC		2350	2355		2350		A8
	  10	21.06.2022		21.06.2022			562079		  0,000			PC		0,000		PC		A8		   1,000	    1,000	CIF	02
	  10						562079		  0,000							PC	8501077644			   0,000	    0,000

	4504381781							SAPBC		2350	2355		2350		A5
	  10	21.06.2022		21.06.2022			437867		  0,000			PC		0,000		PC		A5		   1,000	    1,000	CIF	02
	  10						437867		  0,000							PC	8501077655			   0,000	    0,000

	4504381784							SAPBC		2350	2355		2350		F16
	  10	21.06.2022		21.06.2022			796973		  0,000			PC		0,000		PC		F16		   1,000	    1,000	CIF	02
	  10						796973		  0,000							PC	8501077643			   0,000	    0,000

	4504382072							SAPBC		2350	2355		2350		F16
	  10	21.06.2022		21.06.2022			251779		  0,000			PC		0,000		PC		F16		   2,000	    2,000	CIF	02
	  10						251779		  0,000							PC	8501077643			   0,000	    0,000

	4504382247							SAPBC		2350	2355		2350		D2
	  10	21.06.2022		21.06.2022			824926		  0,000			PC		0,000		PC		D2		   2,000	    1,000	CIF	02
	  20	21.06.2022		21.06.2022			581213		  0,000			PC		0,000		PC		D2		   1,000	    1,000	CIF	02
	  10						824926		  0,000							PC	8501077648			   0,000	    0,000
	  20						581213		  0,000							PC	8501077648			   0,000	    0,000

	4504383474							SAPBC		2350	2355		2350		I4
	  10	22.06.2022		22.06.2022			824926		  0,000			PC		0,000		PC		I4		   1,000	    1,000	CIF	02
	  10						824926		  0,000							PC	8501077646			   0,000	    0,000

	4504383478							SAPBC		2350	2355		2350		A5
	  10	22.06.2022		22.06.2022			484503		  0,000			PC		0,000		PC		A5		   1,000	    1,000	CIF	02
	  20	22.06.2022		22.06.2022			251779		  0,000			PC		0,000		PC		A5		   1,000	    1,000	CIF	02
	  10						484503		  0,000							PC	8501077655			   0,000	    0,000
	  20						251779		  0,000							PC	8501077655			   0,000	    0,000

	4504383514							SAPBC		2350	2355		2350		D19
	  10	22.06.2022		22.06.2022			796065		  0,000			PC		0,000		PC		D19		   1,000	    1,000	CIF	02
	  10						796065		  0,000							PC	8501077656			   0,000	    0,000

	4504383536							SAPBC		2350	2355		2350		A32
	  10	22.06.2022		22.06.2022			819299		  0,000			PC		0,000		PC		A32		   1,000	    1,000	CIF	02
	  20	22.06.2022		22.06.2022			476717		  0,000			PC		0,000		PC		A32		   1,000	    1,000	CIF	02
	  10						819299		  0,000							PC	8501077652			   0,000	    0,000
	  20						476717		  0,000							PC	8501077652			   0,000	    0,000

	4504383545							SAPBC		2350	2355		2350		A5
	  10	22.06.2022		22.06.2022			251779		  0,000			PC		0,000		PC		A5		   1,000	    1,000	CIF	02
	  20	22.06.2022		22.06.2022			640311		  0,000			PC		0,000		PC		A5		   1,000	    1,000	CIF	02
	  10						251779		  0,000							PC	8501077655			   0,000	    0,000
	  20						640311		  0,000							PC	8501077655			   0,000	    0,000

	4504383602							SAPBC		2350	2355		2350		D18
	  10	22.06.2022		22.06.2022			273637		  0,000			PC		0,000		PC		D18		   1,000	    1,000	CIF	02
	  20	22.06.2022		22.06.2022			273637		  0,000			PC		0,000		PC		D18		   1,000	    1,000	CIF	02
	  10						273637		  0,000							PC	8501077658			   0,000	    0,000
	  20						273637		  0,000							PC	8501077658			   0,000	    0,000

	4504383778							SAPBC		2350	2355		2350		A14
	  10	22.06.2022		22.06.2022			714345		  0,000			PC		0,000		PC		A14		   1,000	    1,000	CIF	02
	  10						714345		  0,000							PC	8501077653			   0,000	    0,000

	4504384428							SAPBC		2350	2355		2350		I4
	  10	22.06.2022		22.06.2022			573953		  0,000			PC		0,000		PC		I4		   1,000	    1,000	CIF	02
	  20	22.06.2022		22.06.2022			714344		  0,000			PC		0,000		PC		I4		   1,000	    1,000	CIF	02
	  30	22.06.2022		22.06.2022			545953		  0,000			PC		0,000		PC		I4		   1,000	    1,000	CIF	02
	  10						573953		  0,000							PC	8501077646			   0,000	    0,000
	  20						714344		  0,000							PC	8501077646			   0,000	    0,000
	  30						545953		  0,000							PC	8501077646			   0,000	    0,000

	4504384477							SAPBC		2350	2355		2350		D2
	  10	22.06.2022		22.06.2022			562038		  0,000			PC		0,000		PC		D2		   1,000	    1,000	CIF	02
	  20	22.06.2022		22.06.2022			863082		  0,000			PC		0,000		PC		D2		   1,000	    1,000	CIF	02
	  10						562038		  0,000							PC	8501077648			   0,000	    0,000
	  20						863082		  0,000							PC	8501077648			   0,000	    0,000

	4504385117							SAPBC		2350	2355		2350		A4
	  10	23.06.2022		23.06.2022			535100		  0,000			PC		0,000		PC		A4		   1,000	    1,000	CIF	02
	  10						535100		  0,000							PC	8501077654			   0,000	    0,000

	4504385127							SAPBC		2350	2355		2350		F18
	  10	23.06.2022		23.06.2022			287619		  0,000			PC		0,000		PC		F18		   1,000	    1,000	CIF	02
	  10						287619		  0,000							PC	8501077657			   0,000	    0,000

	4504385152							SAPBC		2350	2355		2350		A14
	  10	23.06.2022		23.06.2022			714345		  0,000			PC		0,000		PC		A14		   1,000	    1,000	CIF	02
	  20	23.06.2022		23.06.2022			545953		  0,000			PC		0,000		PC		A14		   1,000	    1,000	CIF	02
	  10						714345		  0,000							PC	8501077653			   0,000	    0,000
	  20						545953		  0,000							PC	8501077653			   0,000	    0,000

	4504385680							SAPBC		2350	2355		2350		I4
	  10	23.06.2022		23.06.2022			512069		  0,000			PC		0,000		PC		I4		   1,000	    1,000	CIF	02
	  20	23.06.2022		23.06.2022			545949		  0,000			PC		0,000		PC		I4		   1,000	    0,000	CIF	02
	  10						512069		  0,000							PC	8501077646			   0,000	    0,000
	  20						545949		  0,000							PC	8501077646			   0,000	    0,000

	4504386802							SAPBC		2350	2355		2350		A5
	  10	24.06.2022		24.06.2022			437867		  0,000			PC		0,000		PC		A5		   1,000	    1,000	CIF	02
	  10						437867		  0,000							PC	8501077655			   0,000	    0,000

	4504386809							SAPBC		2350	2355		2350		F18
	  10	24.06.2022		24.06.2022			476717		  0,000			PC		0,000		PC		F18		   1,000	    1,000	CIF	02
	  10						476717		  0,000							PC	8501077657			   0,000	    0,000

	4504387050							SAPBC		2350	2355		2350		D2
	  10	24.06.2022		24.06.2022			251779		  0,000			PC		0,000		PC		D2		   1,000	    1,000	CIF	02
	  10						251779		  0,000							PC	8501077648			   0,000	    0,000

	4504387494							SAPBC		2350	2355		2350		I4
	  10	24.06.2022		24.06.2022			573954		  0,000			PC		0,000		PC		I4		   1,000	    1,000	CIF	02
	  20	24.06.2022		24.06.2022			816200		  0,000			PC		0,000		PC		I4		   1,000	    1,000	CIF	02
	  30	24.06.2022		24.06.2022			591668		  0,000			PC		0,000		PC		I4		   1,000	    1,000	CIF	02
	  10						573954		  0,000							PC	8501077646			   0,000	    0,000
	  20						816200		  0,000							PC	8501077646			   0,000	    0,000
	  30						591668		  0,000							PC	8501077646			   0,000	    0,000

	4504388252							SAPBC		2350	2355		2350		D19
	  10	26.06.2022		30.06.2022			816200		  0,000			PC		0,000		PC		D19		   1,000	    1,000	CIF	02
	  10						816200		  0,000							PC	8501077656			   0,000	    0,000
