
	OriginDoc.		PO Number		Date			Created		SOrg.	ShPt		Plnt		SLoc
	Item	Created On		GI Date		DB	Material		Open qty			BUn		CumQty		SU	   SD Doc.	SLoc	Cf	Order qty	ConfirmQty	IncoT	SC	CDl

	4504289251							SAPBC		2350	2355		2350		A14
	  10	04.04.2022		04.04.2022			435898		  0,000			PC		0,000		PC		A14		   1,000	    1,000	CIF	02
	  10						435898		  0,000							PC	8501079721			   0,000	    0,000

	4504289255							SAPBC		2350	2355		2350		A7
	  10	04.04.2022		04.04.2022			435898		  0,000			PC		0,000		PC		A7		   1,000	    1,000	CIF	02
	  10						435898		  0,000							PC	8501079722			   0,000	    0,000

	4504296426							SAPBC		2350	2355		2350		A7
	  10	08.04.2022		08.04.2022			435898		  0,000			PC		0,000		PC		A7		   1,000	    1,000	CIF	02
	  10						435898		  0,000							PC	8501079722			   0,000	    0,000

	4504327759							SAPBC		2350	2355		2350		I4
	  10	08.05.2022		12.05.2022			700329		  0,000			PC		0,000		PC		I4		   2,000	    2,000	CIF	02
	  20	08.05.2022		12.05.2022			474374		  0,000			PC		0,000		PC		I4		   1,000	    1,000	CIF	02
	  30	08.05.2022		12.05.2022			861854		  0,000			PC		0,000		PC		I4		   2,000	    2,000	CIF	02
	  40	08.05.2022		12.05.2022			797102		  0,000			PC		0,000		PC		I4		   2,000	    2,000	CIF	02
	  50	08.05.2022		12.05.2022			492995		  0,000			PC		0,000		PC		I4		   1,000	    1,000	CIF	02
	  60	08.05.2022		12.05.2022			476781		  0,000			PC		0,000		PC		I4		   2,000	    2,000	CIF	02
	  10						700329		  0,000							PC	8501079723			   0,000	    0,000
	  20						474374		  0,000							PC	8501079723			   0,000	    0,000
	  30						861854		  0,000							PC	8501079723			   0,000	    0,000
	  40						797102		  0,000							PC	8501079723			   0,000	    0,000
	  50						492995		  0,000							PC	8501079723			   0,000	    0,000
	  60						476781		  0,000							PC	8501079723			   0,000	    0,000

	4504328902							SAPBC		2350	2355		2350		I4
	  10	09.05.2022		09.05.2022			490026		  0,000			PC		0,000		PC		I4		   1,000	    1,000	CIF	02
	  20	09.05.2022		09.05.2022			476781		  0,000			PC		0,000		PC		I4		   2,000	    2,000	CIF	02
	  30	09.05.2022		09.05.2022			797102		  0,000			PC		0,000		PC		I4		   2,000	    2,000	CIF	02
	  10						490026		  0,000							PC	8501079723			   0,000	    0,000
	  20						476781		  0,000							PC	8501079723			   0,000	    0,000
	  30						797102		  0,000							PC	8501079723			   0,000	    0,000

	4504351165							SAPBC		2350	2355		2350		D19
	  10	26.05.2022		26.05.2022			435898		  0,000			PC		0,000		PC		D19		   1,000	    1,000	CIF	02
	  10						435898		  0,000							PC	8501079724			   0,000	    0,000

	4504365925							SAPBC		2350	2355		2350		I4
	  10	07.06.2022		07.06.2022			435898		  0,000			PC		0,000		PC		I4		   1,000	    1,000	CIF	02
	  10						435898		  0,000							PC	8501079723			   0,000	    0,000

	4504367211							SAPBC		2350	2355		2350		I4
	  10	08.06.2022		08.06.2022			435898		  0,000			PC		0,000		PC		I4		   1,000	    1,000	CIF	02
	  20	08.06.2022		08.06.2022			499655		  0,000			PC		0,000		PC		I4		   1,000	    1,000	CIF	02
	  10						435898		  0,000							PC	8501079723			   0,000	    0,000
	  20						499655		  0,000							PC	8501079723			   0,000	    0,000

	4504383475							SAPBC		2350	2355		2350		I4
	  50	22.06.2022		22.06.2022			545949		  0,000			PC		0,000		PC		I4		   1,000	    0,000	CIF	02
	  50						545949		  0,000							PC	8501079723			   0,000	    0,000

	4504385723							SAPBC		2350	2355		2350		I4
	  10	23.06.2022		23.06.2022			537195		  0,000			PC		0,000		PC		I4		   1,000	    1,000	CIF	02
	  20	23.06.2022		23.06.2022			537077		  0,000			PC		0,000		PC		I4		   1,000	    1,000	CIF	02
	  30	23.06.2022		23.06.2022			481317		  0,000			PC		0,000		PC		I4		   1,000	    1,000	CIF	02
	  10						537195		  0,000							PC	8501079723			   0,000	    0,000
	  20						537077		  0,000							PC	8501079723			   0,000	    0,000
	  30						481317		  0,000							PC	8501079723			   0,000	    0,000

	4504386820							SAPBC		2350	2355		2350		D19
	  10	24.06.2022		24.06.2022			435898		  0,000			PC		0,000		PC		D19		   1,000	    1,000	CIF	02
	  10						435898		  0,000							PC	8501079724			   0,000	    0,000

	4504393368							SAPBC		2350	2355		2350		F16
	  10	30.06.2022		30.06.2022			818170		  0,000			PC		0,000		PC		F16		   1,000	    1,000	CIF	02
	  10						818170		  0,000							PC	8501079725			   0,000	    0,000

	4504393374							SAPBC		2350	2355		2350		A4
	  10	30.06.2022		30.06.2022			816200		  0,000			PC		0,000		PC		A4		   1,000	    1,000	CIF	02
	  10						816200		  0,000							PC	8501079726			   0,000	    0,000

	4504393377							SAPBC		2350	2355		2350		D19
	  10	30.06.2022		30.06.2022			484503		  0,000			PC		0,000		PC		D19		   1,000	    1,000	CIF	02
	  10						484503		  0,000							PC	8501079724			   0,000	    0,000

	4504393378							SAPBC		2350	2355		2350		A8
	  10	30.06.2022		30.06.2022			229248		  0,000			PC		0,000		PC		A8		   1,000	    1,000	CIF	02
	  20	30.06.2022		30.06.2022			229250		  0,000			PC		0,000		PC		A8		   1,000	    1,000	CIF	02
	  10						229248		  0,000							PC	8501079727			   0,000	    0,000
	  20						229250		  0,000							PC	8501079727			   0,000	    0,000

	4504393389							SAPBC		2350	2355		2350		A5
	  10	30.06.2022		30.06.2022			562079		  0,000			PC		0,000		PC		A5		   1,000	    1,000	CIF	02
	  20	30.06.2022		30.06.2022			561491		  0,000			PC		0,000		PC		A5		   1,000	    1,000	CIF	02
	  10						562079		  0,000							PC	8501079728			   0,000	    0,000
	  20						561491		  0,000							PC	8501079728			   0,000	    0,000

	4504393390							SAPBC		2350	2355		2350		A8
	  10	30.06.2022		30.06.2022			512069		  0,000			PC		0,000		PC		A8		   1,000	    1,000	CIF	02
	  10						512069		  0,000							PC	8501079727			   0,000	    0,000

	4504393431							SAPBC		2350	2355		2350		D2
	  10	30.06.2022		30.06.2022			441938		  0,000			PC		0,000		PC		D2		   1,000	    1,000	CIF	02
	  10						441938		  0,000							PC	8501079729			   0,000	    0,000

	4504393471							SAPBC		2350	2355		2350		F16
	  10	30.06.2022		30.06.2022			441303		  0,000			PC		0,000		PC		F16		   1,000	    1,000	CIF	02
	  10						441303		  0,000							PC	8501079725			   0,000	    0,000

	4504393668							SAPBC		2350	2355		2350		A14
	  10	30.06.2022		30.06.2022			441889		  0,000			PC		0,000		PC		A14		   1,000	    1,000	CIF	02
	  10						441889		  0,000							PC	8501079721			   0,000	    0,000

	4504393703							SAPBC		2350	2355		2350		A14
	  10	30.06.2022		30.06.2022			818169		  0,000			PC		0,000		PC		A14		   1,000	    1,000	CIF	02
	  10						818169		  0,000							PC	8501079721			   0,000	    0,000

	4504393744							SAPBC		2350	2355		2350		A32
	  10	30.06.2022		30.06.2022			415427		  0,000			PC		0,000		PC		A32		   1,000	    1,000	CIF	02
	  10						415427		  0,000							PC	8501079730			   0,000	    0,000

	4504393757							SAPBC		2350	2355		2350		D2
	  10	30.06.2022		30.06.2022			713897		  0,000			PC		0,000		PC		D2		   1,000	    1,000	CIF	02
	  10						713897		  0,000							PC	8501079729			   0,000	    0,000

	4504393889							SAPBC		2350	2355		2350		D2
	  10	30.06.2022		30.06.2022			700364		  0,000			PC		0,000		PC		D2		   2,000	    2,000	CIF	02
	  20	30.06.2022		30.06.2022			484503		  0,000			PC		0,000		PC		D2		   1,000	    1,000	CIF	02
	  30	30.06.2022		30.06.2022			700399		  0,000			PC		0,000		PC		D2		   2,000	    2,000	CIF	02
	  40	30.06.2022		30.06.2022			700335		  0,000			PC		0,000		PC		D2		   1,000	    1,000	CIF	02
	  10						700364		  0,000							PC	8501079729			   0,000	    0,000
	  20						484503		  0,000							PC	8501079729			   0,000	    0,000
	  30						700399		  0,000							PC	8501079729			   0,000	    0,000
	  40						700335		  0,000							PC	8501079729			   0,000	    0,000

	4504393991							SAPBC		2350	2355		2350		D2
	  10	30.06.2022		30.06.2022			456835		  0,000			PC		0,000		PC		D2		   1,000	    1,000	CIF	02
	  10						456835		  0,000							PC	8501079729			   0,000	    0,000

	4504395110							SAPBC		2350	2355		2350		F3
	  10	30.06.2022		07.07.2022			464564		  0,000			PC		0,000		PC		F3		   1,000	    1,000	CIF	02
	  10						464564		  0,000							PC	8501079731			   0,000	    0,000

	4504395112							SAPBC		2350	2355		2350		A4
	  10	01.07.2022		01.07.2022			727771		  0,000			PC		0,000		PC		A4		   1,000	    1,000	CIF	02
	  20	01.07.2022		01.07.2022			727779		  0,000			PC		0,000		PC		A4		   1,000	    1,000	CIF	02
	  30	01.07.2022		01.07.2022			700527		  0,000			PC		0,000		PC		A4		   1,000	    1,000	CIF	02
	  10						727771		  0,000							PC	8501079726			   0,000	    0,000
	  20						727779		  0,000							PC	8501079726			   0,000	    0,000
	  30						700527		  0,000							PC	8501079726			   0,000	    0,000

	4504395113							SAPBC		2350	2355		2350		A4
	  10	01.07.2022		01.07.2022			704611		  0,000			PC		0,000		PC		A4		   1,000	    1,000	CIF	02
	  10						704611		  0,000							PC	8501079726			   0,000	    0,000

	4504395115							SAPBC		2350	2355		2350		A14
	  10	01.07.2022		01.07.2022			350366		  0,000			PC		0,000		PC		A14		   1,000	    1,000	CIF	02
	  10						350366		  0,000							PC	8501079721			   0,000	    0,000

	4504395116							SAPBC		2350	2355		2350		A4
	  10	01.07.2022		01.07.2022			503169		  0,000			PC		0,000		PC		A4		   3,000	    3,000	CIF	02
	  20	01.07.2022		01.07.2022			535100		  0,000			PC		0,000		PC		A4		   1,000	    1,000	CIF	02
	  10						503169		  0,000							PC	8501079726			   0,000	    0,000
	  20						535100		  0,000							PC	8501079726			   0,000	    0,000

	4504395117							SAPBC		2350	2355		2350		A4
	  10	01.07.2022		01.07.2022			700708		  0,000			PC		0,000		PC		A4		   1,000	    1,000	CIF	02
	  20	01.07.2022		01.07.2022			429041		  0,000			PC		0,000		PC		A4		   1,000	    1,000	CIF	02
	  30	01.07.2022		01.07.2022			700364		  0,000			PC		0,000		PC		A4		   1,000	    1,000	CIF	02
	  40	01.07.2022		01.07.2022			441586		  0,000			PC		0,000		PC		A4		   1,000	    1,000	CIF	02
	  10						700708		  0,000							PC	8501079726			   0,000	    0,000
	  20						429041		  0,000							PC	8501079726			   0,000	    0,000
	  30						700364		  0,000							PC	8501079726			   0,000	    0,000
	  40						441586		  0,000							PC	8501079726			   0,000	    0,000
