
	OriginDoc.		PO Number		Date			Created		SOrg.	ShPt		Plnt		SLoc
	Item	Created On		GI Date		DB	Material		Open qty			BUn		CumQty		SU	   SD Doc.	SLoc	Cf	Order qty	ConfirmQty	IncoT	SC	CDl

	4504272475							SAPBC		2350	2355		2350		A7
	  10	22.03.2022		22.03.2022			272646		  0,000			PC		0,000		PC		A7		   1,000	    1,000	CIF	02
	  20	22.03.2022		22.03.2022			272646		  0,000			PC		0,000		PC		A7		   1,000	    0,000	CIF	02
	  30	22.03.2022		22.03.2022			272645		  0,000			PC		0,000		PC		A7		   1,000	    1,000	CIF	02
	  40	22.03.2022		22.03.2022			272647		  0,000			PC		0,000		PC		A7		   1,000	    1,000	CIF	02
	  10						272646		  0,000							PC	8501077049			   0,000	    0,000
	  20						272646		  0,000							PC	8501077049			   0,000	    0,000
	  30						272645		  0,000							PC	8501077049			   0,000	    0,000
	  40						272647		  0,000							PC	8501077049			   0,000	    0,000

	4504287506							SAPBC		2350	2355		2350		I3
	  20	01.04.2022		01.04.2022			795566		  0,000			PC		0,000		PC		I3		   3,000	    3,000	CIF	02
	  20						795566		  0,000							PC	8501077050			   0,000	    0,000

	4504300092							SAPBC		2350	2355		2350		A7
	  10	12.04.2022		12.04.2022			798798		  0,000			PC		0,000		PC		A7		   1,000	    0,000	CIF	02
	  20	12.04.2022		12.04.2022			798748		  0,000			PC		0,000		PC		A7		   1,000	    1,000	CIF	02
	  10						798798		  0,000							PC	8501077049			   0,000	    0,000
	  20						798748		  0,000							PC	8501077049			   0,000	    0,000

	4504301821							SAPBC		2350	2355		2350		A4
	  10	13.04.2022		13.04.2022			624605		  0,000			PC		0,000		PC		A4		   1,000	    1,000	CIF	02
	  10						624605		  0,000							PC	8501077051			   0,000	    0,000

	4504301823							SAPBC		2350	2355		2350		D18
	  10	13.04.2022		13.04.2022			536254		  0,000			PC		0,000		PC		D18		   1,000	    1,000	CIF	02
	  10						536254		  0,000							PC	8501077052			   0,000	    0,000

	4504301824							SAPBC		2350	2355		2350		A4
	  10	13.04.2022		13.04.2022			818114		  0,000			PC		0,000		PC		A4		   3,000	    1,000	CIF	02
	  10						818114		  0,000							PC	8501077051			   0,000	    0,000

	4504301826							SAPBC		2350	2355		2350		D18
	  10	13.04.2022		13.04.2022			816200		  0,000			PC		0,000		PC		D18		   1,000	    1,000	CIF	02
	  10						816200		  0,000							PC	8501077052			   0,000	    0,000

	4504303538							SAPBC		2350	2355		2350		D18
	  10	14.04.2022		14.04.2022			700520		  0,000			PC		0,000		PC		D18		   1,000	    1,000	CIF	02
	  20	14.04.2022		14.04.2022			200358		  0,000			PC		0,000		PC		D18		   1,000	    1,000	CIF	02
	  10						700520		  0,000							PC	8501077052			   0,000	    0,000
	  20						200358		  0,000							PC	8501077052			   0,000	    0,000

	4504315805							SAPBC		2350	2355		2350		D18
	  10	26.04.2022		26.04.2022			699091		  0,000			PC		0,000		PC		D18		   1,000	    1,000	CIF	02
	  20	26.04.2022		26.04.2022			699091		  0,000			PC		0,000		PC		D18		   1,000	    0,000	CIF	02
	  10						699091		  0,000							PC	8501077052			   0,000	    0,000
	  20						699091		  0,000							PC	8501077052			   0,000	    0,000

	4504318280							SAPBC		2350	2355		2350		A4
	  10	28.04.2022		28.04.2022			846189		  0,000			PC		0,000		PC		A4		   1,000	    1,000	CIF	02
	  20	28.04.2022		28.04.2022			818135		  0,000			PC		0,000		PC		A4		   1,000	    1,000	CIF	02
	  30	28.04.2022		28.04.2022			699091		  0,000			PC		0,000		PC		A4		   1,000	    1,000	CIF	02
	  10						846189		  0,000							PC	8501077051			   0,000	    0,000
	  20						818135		  0,000							PC	8501077051			   0,000	    0,000
	  30						699091		  0,000							PC	8501077051			   0,000	    0,000

	4504323050							SAPBC		2350	2355		2350		F16
	  20	04.05.2022		04.05.2022			428814		  0,000			PC		0,000		PC		F16		   1,000	    1,000	CIF	02
	  20						428814		  0,000							PC	8501077053			   0,000	    0,000

	4504324758							SAPBC		2350	2355		2350		D13
	  10	05.05.2022		05.05.2022			818170		  0,000			PC		0,000		PC		D13		   1,000	    1,000	CIF	02
	  10						818170		  0,000							PC	8501077054			   0,000	    0,000

	4504331415							SAPBC		2350	2355		2350		D13
	  10	11.05.2022		11.05.2022			818170		  0,000			PC		0,000		PC		D13		   1,000	    1,000	CIF	02
	  10						818170		  0,000							PC	8501077054			   0,000	    0,000

	4504332661							SAPBC		2350	2355		2350		I4
	  10	11.05.2022		11.05.2022			699091		  0,000			PC		0,000		PC		I4		   1,000	    1,000	CIF	02
	  10						699091		  0,000							PC	8501077055			   0,000	    0,000

	4504333363							SAPBC		2350	2355		2350		D13
	  10	12.05.2022		12.05.2022			818170		  0,000			PC		0,000		PC		D13		   1,000	    1,000	CIF	02
	  10						818170		  0,000							PC	8501077054			   0,000	    0,000

	4504333368							SAPBC		2350	2355		2350		A14
	  10	12.05.2022		12.05.2022			691920		  0,000			PC		0,000		PC		A14		   1,000	    1,000	CIF	02
	  10						691920		  0,000							PC	8501077056			   0,000	    0,000

	4504335152							SAPBC		2350	2355		2350		D18
	  10	13.05.2022		13.05.2022			699091		  0,000			PC		0,000		PC		D18		   1,000	    1,000	CIF	02
	  20	13.05.2022		13.05.2022			784738		  0,000			PC		0,000		PC		D18		   1,000	    1,000	CIF	02
	  10						699091		  0,000							PC	8501077052			   0,000	    0,000
	  20						784738		  0,000							PC	8501077052			   0,000	    0,000

	4504336599							SAPBC		2350	2355		2350		I4
	  10	14.05.2022		19.05.2022			474374		  0,000			PC		0,000		PC		I4		   1,000	    1,000	CIF	02
	  10						474374		  0,000							PC	8501077055			   0,000	    0,000

	4504340847							SAPBC		2350	2355		2350		D13
	  10	18.05.2022		18.05.2022			818170		  0,000			PC		0,000		PC		D13		   1,000	    1,000	CIF	02
	  10						818170		  0,000							PC	8501077054			   0,000	    0,000

	4504340850							SAPBC		2350	2355		2350		D13
	  10	18.05.2022		18.05.2022			818170		  0,000			PC		0,000		PC		D13		   1,000	    1,000	CIF	02
	  10						818170		  0,000							PC	8501077054			   0,000	    0,000

	4504345792							SAPBC		2350	2355		2350		D2
	  10	23.05.2022		23.05.2022			691920		  0,000			PC		0,000		PC		D2		   1,000	    1,000	CIF	02
	  10						691920		  0,000							PC	8501077057			   0,000	    0,000

	4504348100							SAPBC		2350	2355		2350		I4
	  20	24.05.2022		24.05.2022			700203		  0,000			PC		0,000		PC		I4		   1,000	    1,000	CIF	02
	  30	24.05.2022		24.05.2022			488568		  0,000			PC		0,000		PC		I4		   1,000	    1,000	CIF	02
	  40	24.05.2022		24.05.2022			488569		  0,000			PC		0,000		PC		I4		   1,000	    1,000	CIF	02
	  20						700203		  0,000							PC	8501077055			   0,000	    0,000
	  30						488568		  0,000							PC	8501077055			   0,000	    0,000
	  40						488569		  0,000							PC	8501077055			   0,000	    0,000

	4504349326							SAPBC		2350	2355		2350		A5
	  20	25.05.2022		25.05.2022			441303		  0,000			PC		0,000		PC		A5		   1,000	    1,000	CIF	02
	  20						441303		  0,000							PC	8501077058			   0,000	    0,000

	4504350110							SAPBC		2350	2355		2350		D2
	  20	25.05.2022		25.05.2022			441536		  0,000			PC		0,000		PC		D2		   1,000	    1,000	CIF	02
	  20						441536		  0,000							PC	8501077057			   0,000	    0,000

	4504351124							SAPBC		2350	2355		2350		A7
	  10	26.05.2022		26.05.2022			700365		  0,000			PC		0,000		PC		A7		   1,000	    1,000	CIF	02
	  20	26.05.2022		26.05.2022			452723		  0,000			PC		0,000		PC		A7		   1,000	    1,000	CIF	02
	  30	26.05.2022		26.05.2022			702986		  0,000			PC		0,000		PC		A7		   1,000	    1,000	CIF	02
	  10						700365		  0,000							PC	8501077049			   0,000	    0,000
	  20						452723		  0,000							PC	8501077049			   0,000	    0,000
	  30						702986		  0,000							PC	8501077049			   0,000	    0,000

	4504351128							SAPBC		2350	2355		2350		A5
	  10	26.05.2022		26.05.2022			709480		  0,000			PC		0,000		PC		A5		   1,000	    1,000	CIF	02
	  20	26.05.2022		26.05.2022			709479		  0,000			PC		0,000		PC		A5		   1,000	    1,000	CIF	02
	  10						709480		  0,000							PC	8501077058			   0,000	    0,000
	  20						709479		  0,000							PC	8501077058			   0,000	    0,000

	4504352036							SAPBC		2350	2355		2350		I4
	  10	26.05.2022		26.05.2022			795557		  0,000			PC		0,000		PC		I4		   1,000	    1,000	CIF	02
	  10						795557		  0,000							PC	8501077055			   0,000	    0,000

	4504352071							SAPBC		2350	2355		2350		I4
	  10	26.05.2022		26.05.2022			800245		  0,000			PC		0,000		PC		I4		   1,000	    0,000	CIF	02
	  10						800245		  0,000							PC	8501077055			   0,000	    0,000

	4504352078							SAPBC		2350	2355		2350		I4
	  20	26.05.2022		26.05.2022			800245		  0,000			PC		0,000		PC		I4		   1,000	    0,000	CIF	02
	  20						800245		  0,000							PC	8501077055			   0,000	    0,000

	4504352173							SAPBC		2350	2355		2350		I4
	  10	26.05.2022		26.05.2022			800245		  0,000			PC		0,000		PC		I4		   1,000	    0,000	CIF	02
	  10						800245		  0,000							PC	8501077055			   0,000	    0,000

	4504352790							SAPBC		2350	2355		2350		F16
	  20	27.05.2022		27.05.2022			700203		  0,000			PC		0,000		PC		F16		   1,000	    1,000	CIF	02
	  20						700203		  0,000							PC	8501077053			   0,000	    0,000

	4504354260							SAPBC		2350	2355		2350		F18
	  10	30.05.2022		30.05.2022			818170		  0,000			PC		0,000		PC		F18		   1,000	    1,000	CIF	02
	  10						818170		  0,000							PC	8501077059			   0,000	    0,000

	4504356296							SAPBC		2350	2355		2350		K4
	  10	31.05.2022		31.05.2022			811099		  0,000			PC		0,000		PC		K4		   1,000	    0,000	CIF	02
	  20	31.05.2022		31.05.2022			819375		  0,000			PC		0,000		PC		K4		   1,000	    1,000	CIF	02
	  10						811099		  0,000							PC	8501077060			   0,000	    0,000
	  20						819375		  0,000							PC	8501077060			   0,000	    0,000

	4504356499							SAPBC		2350	2355		2350		F18
	  10	31.05.2022		31.05.2022			818170		  0,000			PC		0,000		PC		F18		   1,000	    1,000	CIF	02
	  10						818170		  0,000							PC	8501077059			   0,000	    0,000

	4504358250							SAPBC		2350	2355		2350		F3
	  10	01.06.2022		01.06.2022			818135		  0,000			PC		0,000		PC		F3		   1,000	    1,000	CIF	02
	  10						818135		  0,000							PC	8501077061			   0,000	    0,000

	4504360051							SAPBC		2350	2355		2350		F3
	  10	02.06.2022		02.06.2022			818135		  0,000			PC		0,000		PC		F3		   1,000	    1,000	CIF	02
	  10						818135		  0,000							PC	8501077061			   0,000	    0,000

	4504361973							SAPBC		2350	2355		2350		D2
	  10	03.06.2022		03.06.2022			818135		  0,000			PC		0,000		PC		D2		   1,000	    1,000	CIF	02
	  10						818135		  0,000							PC	8501077057			   0,000	    0,000

	4504362094							SAPBC		2350	2355		2350		F16
	  10	03.06.2022		03.06.2022			818135		  0,000			PC		0,000		PC		F16		   1,000	    1,000	CIF	02
	  10						818135		  0,000							PC	8501077053			   0,000	    0,000

	4504363569							SAPBC		2350	2355		2350		D2
	  20	06.06.2022		06.06.2022			700203		  0,000			PC		0,000		PC		D2		   1,000	    1,000	CIF	02
	  20						700203		  0,000							PC	8501077057			   0,000	    0,000

	4504363721							SAPBC		2350	2355		2350		D18
	  10	06.06.2022		06.06.2022			699091		  0,000			PC		0,000		PC		D18		   2,000	    2,000	CIF	02
	  10						699091		  0,000							PC	8501077052			   0,000	    0,000

	4504366583							SAPBC		2350	2355		2350		A5
	  10	08.06.2022		08.06.2022			818135		  0,000			PC		0,000		PC		A5		   1,000	    1,000	CIF	02
	  10						818135		  0,000							PC	8501077058			   0,000	    0,000

	4504367428							SAPBC		2350	2355		2350		I4
	  20	08.06.2022		08.06.2022			800245		  0,000			PC		0,000		PC		I4		   1,000	    1,000	CIF	02
	  20						800245		  0,000							PC	8501077055			   0,000	    0,000

	4504370083							SAPBC		2350	2355		2350		F18
	  10	10.06.2022		16.06.2022			413175		  0,000			PC		0,000		PC		F18		   1,000	    1,000	CIF	02
	  20	10.06.2022		16.06.2022			413175		  0,000			PC		0,000		PC		F18		   1,000	    1,000	CIF	02
	  10						413175		  0,000							PC	8501077059			   0,000	    0,000
	  20						413175		  0,000							PC	8501077059			   0,000	    0,000

	4504370093							SAPBC		2350	2355		2350		F18
	  10	10.06.2022		16.06.2022			804997		  0,000			PC		0,000		PC		F18		   1,000	    1,000	CIF	02
	  10						804997		  0,000							PC	8501077059			   0,000	    0,000

	4504370170							SAPBC		2350	2355		2350		A7
	  10	10.06.2022		16.06.2022			415231		  0,000			PC		0,000		PC		A7		   1,000	    1,000	CIF	02
	  10						415231		  0,000							PC	8501077049			   0,000	    0,000

	4504373474							SAPBC		2350	2355		2350		A7
	  10	14.06.2022		14.06.2022			623254		  0,000			PC		0,000		PC		A7		   1,000	    1,000	CIF	02
	  10						623254		  0,000							PC	8501077049			   0,000	    0,000

	4504377035							SAPBC		2350	2355		2350		F18
	  10	16.06.2022		16.06.2022			818170		  0,000			PC		0,000		PC		F18		   1,000	    1,000	CIF	02
	  10						818170		  0,000							PC	8501077059			   0,000	    0,000

	4504377049							SAPBC		2350	2355		2350		A7
	  10	16.06.2022		16.06.2022			571564		  0,000			PC		0,000		PC		A7		   1,000	    0,000	CIF	02
	  10						571564		  0,000							PC	8501077049			   0,000	    0,000

	4504377053							SAPBC		2350	2355		2350		A7
	  10	16.06.2022		16.06.2022			535420		  0,000			PC		0,000		PC		A7		   1,000	    1,000	CIF	02
	  10						535420		  0,000							PC	8501077049			   0,000	    0,000

	4504378470							SAPBC		2350	2355		2350		F18
	  10	17.06.2022		17.06.2022			429041		  0,000			PC		0,000		PC		F18		   2,000	    2,000	CIF	02
	  10						429041		  0,000							PC	8501077059			   0,000	    0,000

	4504378471							SAPBC		2350	2355		2350		F16
	  10	17.06.2022		17.06.2022			818135		  0,000			PC		0,000		PC		F16		   1,000	    1,000	CIF	02
	  10						818135		  0,000							PC	8501077053			   0,000	    0,000

	4504378497							SAPBC		2350	2355		2350		F16
	  10	17.06.2022		17.06.2022			800245		  0,000			PC		0,000		PC		F16		   1,000	    1,000	CIF	02
	  10						800245		  0,000							PC	8501077053			   0,000	    0,000

	4504380006							SAPBC		2350	2355		2350		A8
	  10	20.06.2022		20.06.2022			806872		  0,000			PC		0,000		PC		A8		   1,000	    0,000	CIF	02
	  10						806872		  0,000							PC	8501077062			   0,000	    0,000

	4504381796							SAPBC		2350	2355		2350		A4
	  10	21.06.2022		21.06.2022			816106		  0,000			PC		0,000		PC		A4		   1,000	    1,000	CIF	02
	  10						816106		  0,000							PC	8501077051			   0,000	    0,000

	4504383480							SAPBC		2350	2355		2350		A4
	  10	22.06.2022		22.06.2022			436892		  0,000			PC		0,000		PC		A4		   1,000	    1,000	CIF	02
	  10						436892		  0,000							PC	8501077051			   0,000	    0,000

	4504383484							SAPBC		2350	2355		2350		A5
	  10	22.06.2022		22.06.2022			700335		  0,000			PC		0,000		PC		A5		   1,000	    1,000	CIF	02
	  20	22.06.2022		22.06.2022			795566		  0,000			PC		0,000		PC		A5		   1,000	    1,000	CIF	02
	  10						700335		  0,000							PC	8501077058			   0,000	    0,000
	  20						795566		  0,000							PC	8501077058			   0,000	    0,000

	4504383489							SAPBC		2350	2355		2350		D18
	  10	22.06.2022		22.06.2022			818169		  0,000			PC		0,000		PC		D18		   1,000	    1,000	CIF	02
	  10						818169		  0,000							PC	8501077052			   0,000	    0,000

	4504383490							SAPBC		2350	2355		2350		F16
	  10	22.06.2022		22.06.2022			700336		  0,000			PC		0,000		PC		F16		   1,000	    1,000	CIF	02
	  20	22.06.2022		22.06.2022			700482		  0,000			PC		0,000		PC		F16		   1,000	    1,000	CIF	02
	  10						700336		  0,000							PC	8501077053			   0,000	    0,000
	  20						700482		  0,000							PC	8501077053			   0,000	    0,000

	4504383492							SAPBC		2350	2355		2350		A4
	  10	22.06.2022		22.06.2022			476225		  0,000			PC		0,000		PC		A4		   4,000	    4,000	CIF	02
	  10						476225		  0,000							PC	8501077051			   0,000	    0,000

	4504383495							SAPBC		2350	2355		2350		A4
	  10	22.06.2022		22.06.2022			704575		  0,000			PC		0,000		PC		A4		   1,000	    1,000	CIF	02
	  10						704575		  0,000							PC	8501077051			   0,000	    0,000

	4504383505							SAPBC		2350	2355		2350		A8
	  10	22.06.2022		22.06.2022			805002		  0,000			PC		0,000		PC		A8		   1,000	    1,000	CIF	02
	  10						805002		  0,000							PC	8501077062			   0,000	    0,000

	4504383533							SAPBC		2350	2355		2350		F16
	  10	22.06.2022		22.06.2022			780401		  0,000			PC		0,000		PC		F16		   1,000	    1,000	CIF	02
	  10						780401		  0,000							PC	8501077053			   0,000	    0,000

	4504383534							SAPBC		2350	2355		2350		D2
	  10	22.06.2022		22.06.2022			499672		  0,000			PC		0,000		PC		D2		   1,000	    1,000	CIF	02
	  10						499672		  0,000							PC	8501077057			   0,000	    0,000

	4504383756							SAPBC		2350	2355		2350		F16
	  10	22.06.2022		22.06.2022			437928		  0,000			PC		0,000		PC		F16		   1,000	    1,000	CIF	02
	  10						437928		  0,000							PC	8501077053			   0,000	    0,000

	4504383785							SAPBC		2350	2355		2350		A5
	  10	22.06.2022		22.06.2022			370946		  0,000			PC		0,000		PC		A5		   1,000	    1,000	CIF	02
	  20	22.06.2022		22.06.2022			708850		  0,000			PC		0,000		PC		A5		   1,000	    1,000	CIF	02
	  10						370946		  0,000							PC	8501077058			   0,000	    0,000
	  20						708850		  0,000							PC	8501077058			   0,000	    0,000

	4504383934							SAPBC		2350	2355		2350		D19
	  10	22.06.2022		22.06.2022			381458		  0,000			PC		0,000		PC		D19		   3,000	    3,000	CIF	02
	  10						381458		  0,000							PC	8501077063			   0,000	    0,000

	4504384028							SAPBC		2350	2355		2350		F16
	  10	22.06.2022		22.06.2022			512069		  0,000			PC		0,000		PC		F16		   1,000	    1,000	CIF	02
	  10						512069		  0,000							PC	8501077053			   0,000	    0,000

	4504385115							SAPBC		2350	2355		2350		I4
	  10	23.06.2022		23.06.2022			800245		  0,000			PC		0,000		PC		I4		   1,000	    1,000	CIF	02
	  20	23.06.2022		23.06.2022			818170		  0,000			PC		0,000		PC		I4		   1,000	    1,000	CIF	02
	  10						800245		  0,000							PC	8501077055			   0,000	    0,000
	  20						818170		  0,000							PC	8501077055			   0,000	    0,000

	4504385116							SAPBC		2350	2355		2350		A4
	  10	23.06.2022		23.06.2022			503191		  0,000			PC		0,000		PC		A4		   2,000	    2,000	CIF	02
	  10						503191		  0,000							PC	8501077051			   0,000	    0,000

	4504385119							SAPBC		2350	2355		2350		D2
	  10	23.06.2022		23.06.2022			271987		  0,000			PC		0,000		PC		D2		   1,000	    1,000	CIF	02
	  10						271987		  0,000							PC	8501077057			   0,000	    0,000

	4504385120							SAPBC		2350	2355		2350		A5
	  10	23.06.2022		23.06.2022			464564		  0,000			PC		0,000		PC		A5		   1,000	    1,000	CIF	02
	  10						464564		  0,000							PC	8501077058			   0,000	    0,000

	4504385121							SAPBC		2350	2355		2350		A4
	  10	23.06.2022		23.06.2022			413846		  0,000			PC		0,000		PC		A4		   1,000	    1,000	CIF	02
	  20	23.06.2022		23.06.2022			261953		  0,000			PC		0,000		PC		A4		   1,000	    1,000	CIF	02
	  30	23.06.2022		23.06.2022			263958		  0,000			PC		0,000		PC		A4		   1,000	    1,000	CIF	02
	  10						413846		  0,000							PC	8501077051			   0,000	    0,000
	  20						261953		  0,000							PC	8501077051			   0,000	    0,000
	  30						263958		  0,000							PC	8501077051			   0,000	    0,000

	4504385126							SAPBC		2350	2355		2350		F16
	  10	23.06.2022		23.06.2022			370946		  0,000			PC		0,000		PC		F16		   1,000	    1,000	CIF	02
	  20	23.06.2022		23.06.2022			428791		  0,000			PC		0,000		PC		F16		   1,000	    1,000	CIF	02
	  10						370946		  0,000							PC	8501077053			   0,000	    0,000
	  20						428791		  0,000							PC	8501077053			   0,000	    0,000

	4504385127							SAPBC		2350	2355		2350		F18
	  10	23.06.2022		23.06.2022			287619		  0,000			PC		0,000		PC		F18		   1,000	    1,000	CIF	02
	  10						287619		  0,000							PC	8501077059			   0,000	    0,000

	4504385128							SAPBC		2350	2355		2350		D18
	  10	23.06.2022		23.06.2022			699091		  0,000			PC		0,000		PC		D18		   1,000	    1,000	CIF	02
	  10						699091		  0,000							PC	8501077052			   0,000	    0,000

	4504385134							SAPBC		2350	2355		2350		F16
	  10	23.06.2022		23.06.2022			228282		  0,000			PC		0,000		PC		F16		   1,000	    1,000	CIF	02
	  10						228282		  0,000							PC	8501077053			   0,000	    0,000

	4504385139							SAPBC		2350	2355		2350		D2
	  10	23.06.2022		23.06.2022			700369		  0,000			PC		0,000		PC		D2		   1,000	    1,000	CIF	02
	  10						700369		  0,000							PC	8501077057			   0,000	    0,000

	4504385151							SAPBC		2350	2355		2350		F16
	  10	23.06.2022		23.06.2022			271987		  0,000			PC		0,000		PC		F16		   1,000	    1,000	CIF	02
	  10						271987		  0,000							PC	8501077053			   0,000	    0,000

	4504385159							SAPBC		2350	2355		2350		A14
	  10	23.06.2022		23.06.2022			434750		  0,000			PC		0,000		PC		A14		   1,000	    1,000	CIF	02
	  10						434750		  0,000							PC	8501077056			   0,000	    0,000

	4504385446							SAPBC		2350	2355		2350		A32
	  10	23.06.2022		23.06.2022			327133		  0,000			PC		0,000		PC		A32		   1,000	    1,000	CIF	02
	  10						327133		  0,000							PC	8501077064			   0,000	    0,000

	4504385449							SAPBC		2350	2355		2350		A5
	  10	23.06.2022		23.06.2022			709479		  0,000			PC		0,000		PC		A5		   1,000	    1,000	CIF	02
	  10						709479		  0,000							PC	8501077058			   0,000	    0,000

	4504385523							SAPBC		2350	2355		2350		A32
	  10	23.06.2022		23.06.2022			331063		  0,000			PC		0,000		PC		A32		   1,000	    1,000	CIF	02
	  10						331063		  0,000							PC	8501077064			   0,000	    0,000

	4504385544							SAPBC		2350	2355		2350		I4
	  10	23.06.2022		23.06.2022			818170		  0,000			PC		0,000		PC		I4		   1,000	    1,000	CIF	02
	  20	23.06.2022		23.06.2022			795566		  0,000			PC		0,000		PC		I4		   1,000	    1,000	CIF	02
	  10						818170		  0,000							PC	8501077055			   0,000	    0,000
	  20						795566		  0,000							PC	8501077055			   0,000	    0,000

	4504386800							SAPBC		2350	2355		2350		A8
	  10	24.06.2022		24.06.2022			700705		  0,000			PC		0,000		PC		A8		   1,000	    1,000	CIF	02
	  10						700705		  0,000							PC	8501077062			   0,000	    0,000
