
	OriginDoc.		PO Number		Date			Created		SOrg.	ShPt		Plnt		SLoc
	Item	Created On		GI Date		DB	Material		Open qty			BUn		CumQty		SU	   SD Doc.	SLoc	Cf	Order qty	ConfirmQty	IncoT	SC	CDl

	4504256405							SAPBC		2350	2355		2350		A5
	  10	09.03.2022		09.03.2022			368903		  0,000			PC		0,000		PC		A5		   3,000	    3,000	CIF	02
	  20	09.03.2022		09.03.2022			429041		  0,000			PC		0,000		PC		A5		   1,000	    1,000	CIF	02
	  30	09.03.2022		09.03.2022			428814		  0,000			PC		0,000		PC		A5		   1,000	    1,000	CIF	02
	  40	09.03.2022		09.03.2022			415067		  0,000			PC		0,000		PC		A5		   1,000	    1,000	CIF	02
	  10						368903		  0,000							PC	8501078703			   0,000	    0,000
	  20						429041		  0,000							PC	8501078703			   0,000	    0,000
	  30						428814		  0,000							PC	8501078703			   0,000	    0,000
	  40						415067		  0,000							PC	8501078703			   0,000	    0,000

	4504292994							SAPBC		2350	2355		2350		A5
	  10	06.04.2022		06.04.2022			368903		  0,000			PC		0,000		PC		A5		   1,000	    1,000	CIF	02
	  20	06.04.2022		06.04.2022			415067		  0,000			PC		0,000		PC		A5		   1,000	    1,000	CIF	02
	  30	06.04.2022		06.04.2022			428814		  0,000			PC		0,000		PC		A5		   1,000	    1,000	CIF	02
	  10						368903		  0,000							PC	8501078703			   0,000	    0,000
	  20						415067		  0,000							PC	8501078703			   0,000	    0,000
	  30						428814		  0,000							PC	8501078703			   0,000	    0,000

	4504326345							SAPBC		2350	2355		2350		A14
	  10	06.05.2022		06.05.2022			587282		  0,000			PC		0,000		PC		A14		   1,000	    0,000	CIF	02
	  10						587282		  0,000							PC	8501078704			   0,000	    0,000

	4504352444							SAPBC		2350	2355		2350		A5
	  10	27.05.2022		27.05.2022			476225		  0,000			PC		0,000		PC		A5		   1,000	    1,000	CIF	02
	  20	27.05.2022		27.05.2022			368903		  0,000			PC		0,000		PC		A5		   1,000	    1,000	CIF	02
	  10						476225		  0,000							PC	8501078703			   0,000	    0,000
	  20						368903		  0,000							PC	8501078703			   0,000	    0,000

	4504358359							SAPBC		2350	2355		2350		A5
	  10	01.06.2022		01.06.2022			368903		  0,000			PC		0,000		PC		A5		   1,000	    1,000	CIF	02
	  20	01.06.2022		01.06.2022			476225		  0,000			PC		0,000		PC		A5		   1,000	    1,000	CIF	02
	  30	01.06.2022		01.06.2022			428814		  0,000			PC		0,000		PC		A5		   1,000	    1,000	CIF	02
	  10						368903		  0,000							PC	8501078703			   0,000	    0,000
	  20						476225		  0,000							PC	8501078703			   0,000	    0,000
	  30						428814		  0,000							PC	8501078703			   0,000	    0,000

	4504373467							SAPBC		2350	2355		2350		A7
	  10	14.06.2022		14.06.2022			587282		  0,000			PC		0,000		PC		A7		   1,000	    1,000	CIF	02
	  10						587282		  0,000							PC	8501078705			   0,000	    0,000

	4504377003							SAPBC		2350	2355		2350		D25
	  10	15.06.2022		16.06.2022			587282		  0,000			PC		0,000		PC		D25		   1,000	    1,000	CIF	02
	  10						587282		  0,000							PC	8501078706			   0,000	    0,000

	4504377037							SAPBC		2350	2355		2350		A5
	  10	16.06.2022		16.06.2022			368903		  0,000			PC		0,000		PC		A5		   1,000	    1,000	CIF	02
	  10						368903		  0,000							PC	8501078703			   0,000	    0,000

	4504377555							SAPBC		2350	2355		2350		A32
	  20	16.06.2022		16.06.2022			587282		  0,000			PC		0,000		PC		A32		   1,000	    1,000	CIF	02
	  20						587282		  0,000							PC	8501078707			   0,000	    0,000

	4504390091							SAPBC		2350	2355		2350		A4
	  10	28.06.2022		28.06.2022			228282		  0,000			PC		0,000		PC		A4		   1,000	    1,000	CIF	02
	  10						228282		  0,000							PC	8501078708			   0,000	    0,000

	4504390093							SAPBC		2350	2355		2350		D19
	  10	28.06.2022		28.06.2022			546314		  0,000			PC		0,000		PC		D19		   1,000	    1,000	CIF	02
	  20	28.06.2022		28.06.2022			441335		  0,000			PC		0,000		PC		D19		   1,000	    1,000	CIF	02
	  10						546314		  0,000							PC	8501078709			   0,000	    0,000
	  20						441335		  0,000							PC	8501078709			   0,000	    0,000

	4504390096							SAPBC		2350	2355		2350		D19
	  10	28.06.2022		28.06.2022			230886		  0,000			PC		0,000		PC		D19		   1,000	    1,000	CIF	02
	  10						230886		  0,000							PC	8501078709			   0,000	    0,000

	4504390098							SAPBC		2350	2355		2350		F3
	  10	28.06.2022		28.06.2022			699091		  0,000			PC		0,000		PC		F3		   1,000	    1,000	CIF	02
	  10						699091		  0,000							PC	8501078710			   0,000	    0,000

	4504390099							SAPBC		2350	2355		2350		F16
	  10	28.06.2022		28.06.2022			536184		  0,000			PC		0,000		PC		F16		   1,000	    1,000	CIF	02
	  10						536184		  0,000							PC	8501078711			   0,000	    0,000

	4504390107							SAPBC		2350	2355		2350		A4
	  10	28.06.2022		28.06.2022			818170		  0,000			PC		0,000		PC		A4		   1,000	    1,000	CIF	02
	  10						818170		  0,000							PC	8501078708			   0,000	    0,000

	4504390108							SAPBC		2350	2355		2350		A8
	  10	28.06.2022		28.06.2022			800437		  0,000			PC		0,000		PC		A8		   1,000	    1,000	CIF	02
	  20	28.06.2022		28.06.2022			535420		  0,000			PC		0,000		PC		A8		   1,000	    1,000	CIF	02
	  10						800437		  0,000							PC	8501078712			   0,000	    0,000
	  20						535420		  0,000							PC	8501078712			   0,000	    0,000

	4504390109							SAPBC		2350	2355		2350		A8
	  10	28.06.2022		28.06.2022			655709		  0,000			PC		0,000		PC		A8		   1,000	    1,000	CIF	02
	  10						655709		  0,000							PC	8501078712			   0,000	    0,000

	4504390110							SAPBC		2350	2355		2350		F16
	  10	28.06.2022		28.06.2022			503169		  0,000			PC		0,000		PC		F16		   3,000	    3,000	CIF	02
	  10						503169		  0,000							PC	8501078711			   0,000	    0,000

	4504390114							SAPBC		2350	2355		2350		A14
	  10	28.06.2022		28.06.2022			434750		  0,000			PC		0,000		PC		A14		   1,000	    1,000	CIF	02
	  10						434750		  0,000							PC	8501078704			   0,000	    0,000

	4504390116							SAPBC		2350	2355		2350		A14
	  10	28.06.2022		28.06.2022			818170		  0,000			PC		0,000		PC		A14		   1,000	    1,000	CIF	02
	  10						818170		  0,000							PC	8501078704			   0,000	    0,000

	4504390151							SAPBC		2350	2355		2350		A5
	  10	28.06.2022		28.06.2022			356504		  0,000			PC		0,000		PC		A5		   1,000	    1,000	CIF	02
	  10						356504		  0,000							PC	8501078703			   0,000	    0,000

	4504390157							SAPBC		2350	2355		2350		A8
	  10	28.06.2022		28.06.2022			493439		  0,000			PC		0,000		PC		A8		   1,000	    1,000	CIF	02
	  10						493439		  0,000							PC	8501078712			   0,000	    0,000

	4504390183							SAPBC		2350	2355		2350		D2
	  10	28.06.2022		28.06.2022			272823		  0,000			PC		0,000		PC		D2		   1,000	    1,000	CIF	02
	  10						272823		  0,000							PC	8501078713			   0,000	    0,000

	4504390688							SAPBC		2350	2355		2350		I4
	  10	28.06.2022		28.06.2022			818169		  0,000			PC		0,000		PC		I4		   2,000	    2,000	CIF	02
	  10						818169		  0,000							PC	8501078714			   0,000	    0,000

	4504391183							SAPBC		2350	2355		2350		I4
	  10	28.06.2022		28.06.2022			824926		  0,000			PC		0,000		PC		I4		   2,000	    2,000	CIF	02
	  10						824926		  0,000							PC	8501078714			   0,000	    0,000
