
	OriginDoc.		PO Number		Date			Created		SOrg.	ShPt		Plnt		SLoc
	Item	Created On		GI Date		DB	Material		Open qty			BUn		CumQty		SU	   SD Doc.	SLoc	Cf	Order qty	ConfirmQty	IncoT	SC	CDl

	4504163577							SAPBC		2350	2355		2350		D13
	  10	23.12.2021		23.12.2021			370946		  0,000			PC		0,000		PC		D13		   1,000	    1,000	CIF	02
	  20	23.12.2021		23.12.2021			816200		  0,000			PC		0,000		PC		D13		   1,000	    1,000	CIF	02
	  10						370946		  0,000							PC	8501077571			   0,000	    0,000
	  20						816200		  0,000							PC	8501077571			   0,000	    0,000

	4504272475							SAPBC		2350	2355		2350		A7
	  10	22.03.2022		22.03.2022			272646		  0,000			PC		0,000		PC		A7		   1,000	    1,000	CIF	02
	  20	22.03.2022		22.03.2022			272646		  0,000			PC		0,000		PC		A7		   1,000	    0,000	CIF	02
	  30	22.03.2022		22.03.2022			272645		  0,000			PC		0,000		PC		A7		   1,000	    1,000	CIF	02
	  40	22.03.2022		22.03.2022			272647		  0,000			PC		0,000		PC		A7		   1,000	    1,000	CIF	02
	  10						272646		  0,000							PC	8501077572			   0,000	    0,000
	  20						272646		  0,000							PC	8501077572			   0,000	    0,000
	  30						272645		  0,000							PC	8501077572			   0,000	    0,000
	  40						272647		  0,000							PC	8501077572			   0,000	    0,000

	4504300092							SAPBC		2350	2355		2350		A7
	  10	12.04.2022		12.04.2022			798798		  0,000			PC		0,000		PC		A7		   1,000	    0,000	CIF	02
	  20	12.04.2022		12.04.2022			798748		  0,000			PC		0,000		PC		A7		   1,000	    1,000	CIF	02
	  10						798798		  0,000							PC	8501077572			   0,000	    0,000
	  20						798748		  0,000							PC	8501077572			   0,000	    0,000

	4504351124							SAPBC		2350	2355		2350		A7
	  10	26.05.2022		26.05.2022			700365		  0,000			PC		0,000		PC		A7		   1,000	    1,000	CIF	02
	  20	26.05.2022		26.05.2022			452723		  0,000			PC		0,000		PC		A7		   1,000	    1,000	CIF	02
	  30	26.05.2022		26.05.2022			702986		  0,000			PC		0,000		PC		A7		   1,000	    1,000	CIF	02
	  10						700365		  0,000							PC	8501077572			   0,000	    0,000
	  20						452723		  0,000							PC	8501077572			   0,000	    0,000
	  30						702986		  0,000							PC	8501077572			   0,000	    0,000

	4504354260							SAPBC		2350	2355		2350		F18
	  10	30.05.2022		30.05.2022			818170		  0,000			PC		0,000		PC		F18		   1,000	    1,000	CIF	02
	  10						818170		  0,000							PC	8501077573			   0,000	    0,000

	4504356499							SAPBC		2350	2355		2350		F18
	  10	31.05.2022		31.05.2022			818170		  0,000			PC		0,000		PC		F18		   1,000	    1,000	CIF	02
	  10						818170		  0,000							PC	8501077573			   0,000	    0,000

	4504370083							SAPBC		2350	2355		2350		F18
	  10	10.06.2022		16.06.2022			413175		  0,000			PC		0,000		PC		F18		   1,000	    1,000	CIF	02
	  20	10.06.2022		16.06.2022			413175		  0,000			PC		0,000		PC		F18		   1,000	    1,000	CIF	02
	  10						413175		  0,000							PC	8501077573			   0,000	    0,000
	  20						413175		  0,000							PC	8501077573			   0,000	    0,000

	4504370093							SAPBC		2350	2355		2350		F18
	  10	10.06.2022		16.06.2022			804997		  0,000			PC		0,000		PC		F18		   1,000	    1,000	CIF	02
	  10						804997		  0,000							PC	8501077573			   0,000	    0,000

	4504370170							SAPBC		2350	2355		2350		A7
	  10	10.06.2022		16.06.2022			415231		  0,000			PC		0,000		PC		A7		   1,000	    1,000	CIF	02
	  10						415231		  0,000							PC	8501077572			   0,000	    0,000

	4504373391							SAPBC		2350	2355		2350		F3
	  10	14.06.2022		20.06.2022			863082		  0,000			PC		0,000		PC		F3		   1,000	    1,000	CIF	02
	  10						863082		  0,000							PC	8501077574			   0,000	    0,000

	4504373474							SAPBC		2350	2355		2350		A7
	  10	14.06.2022		14.06.2022			623254		  0,000			PC		0,000		PC		A7		   1,000	    1,000	CIF	02
	  10						623254		  0,000							PC	8501077572			   0,000	    0,000

	4504377035							SAPBC		2350	2355		2350		F18
	  10	16.06.2022		16.06.2022			818170		  0,000			PC		0,000		PC		F18		   1,000	    1,000	CIF	02
	  10						818170		  0,000							PC	8501077573			   0,000	    0,000

	4504377049							SAPBC		2350	2355		2350		A7
	  10	16.06.2022		16.06.2022			571564		  0,000			PC		0,000		PC		A7		   1,000	    0,000	CIF	02
	  10						571564		  0,000							PC	8501077572			   0,000	    0,000

	4504377053							SAPBC		2350	2355		2350		A7
	  10	16.06.2022		16.06.2022			535420		  0,000			PC		0,000		PC		A7		   1,000	    1,000	CIF	02
	  10						535420		  0,000							PC	8501077572			   0,000	    0,000

	4504378470							SAPBC		2350	2355		2350		F18
	  10	17.06.2022		17.06.2022			429041		  0,000			PC		0,000		PC		F18		   2,000	    2,000	CIF	02
	  10						429041		  0,000							PC	8501077573			   0,000	    0,000

	4504380001							SAPBC		2350	2355		2350		D2
	  10	20.06.2022		20.06.2022			464719		  0,000			PC		0,000		PC		D2		   1,000	    1,000	CIF	02
	  10						464719		  0,000							PC	8501077575			   0,000	    0,000

	4504385127							SAPBC		2350	2355		2350		F18
	  10	23.06.2022		23.06.2022			287619		  0,000			PC		0,000		PC		F18		   1,000	    1,000	CIF	02
	  10						287619		  0,000							PC	8501077573			   0,000	    0,000

	4504386803							SAPBC		2350	2355		2350		A4
	  10	24.06.2022		24.06.2022			456835		  0,000			PC		0,000		PC		A4		   1,000	    1,000	CIF	02
	  20	24.06.2022		24.06.2022			680952		  0,000			PC		0,000		PC		A4		   1,000	    1,000	CIF	02
	  10						456835		  0,000							PC	8501077576			   0,000	    0,000
	  20						680952		  0,000							PC	8501077576			   0,000	    0,000

	4504386805							SAPBC		2350	2355		2350		F3
	  10	24.06.2022		24.06.2022			818170		  0,000			PC		0,000		PC		F3		   1,000	    1,000	CIF	02
	  10						818170		  0,000							PC	8501077574			   0,000	    0,000

	4504386806							SAPBC		2350	2355		2350		A5
	  10	24.06.2022		24.06.2022			700203		  0,000			PC		0,000		PC		A5		   1,000	    1,000	CIF	02
	  10						700203		  0,000							PC	8501077577			   0,000	    0,000

	4504386815							SAPBC		2350	2355		2350		A8
	  10	24.06.2022		24.06.2022			798808		  0,000			PC		0,000		PC		A8		   1,000	    1,000	CIF	02
	  10						798808		  0,000							PC	8501077578			   0,000	    0,000

	4504386816							SAPBC		2350	2355		2350		A8
	  10	24.06.2022		24.06.2022			846619		  0,000			PC		0,000		PC		A8		   2,000	    2,000	CIF	02
	  10						846619		  0,000							PC	8501077578			   0,000	    0,000

	4504386825							SAPBC		2350	2355		2350		F16
	  10	24.06.2022		24.06.2022			536184		  0,000			PC		0,000		PC		F16		   1,000	    1,000	CIF	02
	  10						536184		  0,000							PC	8501077579			   0,000	    0,000

	4504386831							SAPBC		2350	2355		2350		A5
	  10	24.06.2022		24.06.2022			460715		  0,000			PC		0,000		PC		A5		   1,000	    1,000	CIF	02
	  10						460715		  0,000							PC	8501077577			   0,000	    0,000

	4504386832							SAPBC		2350	2355		2350		F16
	  10	24.06.2022		24.06.2022			671436		  0,000			PC		0,000		PC		F16		   1,000	    1,000	CIF	02
	  10						671436		  0,000							PC	8501077579			   0,000	    0,000

	4504386850							SAPBC		2350	2355		2350		D2
	  10	24.06.2022		24.06.2022			440584		  0,000			PC		0,000		PC		D2		   1,000	    1,000	CIF	02
	  10						440584		  0,000							PC	8501077575			   0,000	    0,000

	4504386917							SAPBC		2350	2355		2350		D2
	  10	24.06.2022		24.06.2022			429041		  0,000			PC		0,000		PC		D2		   2,000	    2,000	CIF	02
	  10						429041		  0,000							PC	8501077575			   0,000	    0,000

	4504387070							SAPBC		2350	2355		2350		F16
	  10	24.06.2022		24.06.2022			708850		  0,000			PC		0,000		PC		F16		   1,000	    1,000	CIF	02
	  10						708850		  0,000							PC	8501077579			   0,000	    0,000

	4504387357							SAPBC		2350	2355		2350		D2
	  10	24.06.2022		24.06.2022			343010		  0,000			PC		0,000		PC		D2		   1,000	    1,000	CIF	02
	  10						343010		  0,000							PC	8501077575			   0,000	    0,000

	4504387447							SAPBC		2350	2355		2350		I4
	  10	24.06.2022		24.06.2022			588330		  0,000			PC		0,000		PC		I4		   1,000	    1,000	CIF	02
	  20	24.06.2022		24.06.2022			587168		  0,000			PC		0,000		PC		I4		   1,000	    1,000	CIF	02
	  30	24.06.2022		24.06.2022			587181		  0,000			PC		0,000		PC		I4		   1,000	    1,000	CIF	02
	  10						588330		  0,000							PC	8501077580			   0,000	    0,000
	  20						587168		  0,000							PC	8501077580			   0,000	    0,000
	  30						587181		  0,000							PC	8501077580			   0,000	    0,000

	4504387469							SAPBC		2350	2355		2350		I4
	  10	24.06.2022		24.06.2022			829014		  0,000			PC		0,000		PC		I4		   1,000	    1,000	CIF	02
	  10						829014		  0,000							PC	8501077580			   0,000	    0,000
