
	OriginDoc.		PO Number		Date			Created		SOrg.	ShPt		Plnt		SLoc
	Item	Created On		GI Date		DB	Material		Open qty			BUn		CumQty		SU	   SD Doc.	SLoc	Cf	Order qty	ConfirmQty	IncoT	SC	CDl

	4504272475							SAPBC		2350	2355		2350		A7
	  10	22.03.2022		22.03.2022			272646		  0,000			PC		0,000		PC		A7		   1,000	    1,000	CIF	02
	  20	22.03.2022		22.03.2022			272646		  0,000			PC		0,000		PC		A7		   1,000	    0,000	CIF	02
	  30	22.03.2022		22.03.2022			272645		  0,000			PC		0,000		PC		A7		   1,000	    1,000	CIF	02
	  40	22.03.2022		22.03.2022			272647		  0,000			PC		0,000		PC		A7		   1,000	    1,000	CIF	02
	  10						272646		  0,000							PC	8501076061			   0,000	    0,000
	  20						272646		  0,000							PC	8501076061			   0,000	    0,000
	  30						272645		  0,000							PC	8501076061			   0,000	    0,000
	  40						272647		  0,000							PC	8501076061			   0,000	    0,000

	4504300092							SAPBC		2350	2355		2350		A7
	  10	12.04.2022		12.04.2022			798798		  0,000			PC		0,000		PC		A7		   1,000	    0,000	CIF	02
	  20	12.04.2022		12.04.2022			798748		  0,000			PC		0,000		PC		A7		   1,000	    1,000	CIF	02
	  10						798798		  0,000							PC	8501076061			   0,000	    0,000
	  20						798748		  0,000							PC	8501076061			   0,000	    0,000

	4504347510							SAPBC		2350	2355		2350		A7
	  10	24.05.2022		24.05.2022			535100		  0,000			PC		0,000		PC		A7		   1,000	    1,000	CIF	02
	  10						535100		  0,000							PC	8501076061			   0,000	    0,000

	4504351124							SAPBC		2350	2355		2350		A7
	  10	26.05.2022		26.05.2022			700365		  0,000			PC		0,000		PC		A7		   1,000	    1,000	CIF	02
	  20	26.05.2022		26.05.2022			452723		  0,000			PC		0,000		PC		A7		   1,000	    1,000	CIF	02
	  30	26.05.2022		26.05.2022			702986		  0,000			PC		0,000		PC		A7		   1,000	    1,000	CIF	02
	  10						700365		  0,000							PC	8501076061			   0,000	    0,000
	  20						452723		  0,000							PC	8501076061			   0,000	    0,000
	  30						702986		  0,000							PC	8501076061			   0,000	    0,000

	4504360074							SAPBC		2350	2355		2350		F16
	  10	02.06.2022		02.06.2022			707182		  0,000			PC		0,000		PC		F16		   1,000	    1,000	CIF	02
	  10						707182		  0,000							PC	8501076062			   0,000	    0,000

	4504364659							SAPBC		2350	2355		2350		A5
	  10	07.06.2022		07.06.2022			707182		  0,000			PC		0,000		PC		A5		   1,000	    1,000	CIF	02
	  10						707182		  0,000							PC	8501076063			   0,000	    0,000

	4504370083							SAPBC		2350	2355		2350		F18
	  10	10.06.2022		16.06.2022			413175		  0,000			PC		0,000		PC		F18		   1,000	    1,000	CIF	02
	  20	10.06.2022		16.06.2022			413175		  0,000			PC		0,000		PC		F18		   1,000	    1,000	CIF	02
	  10						413175		  0,000							PC	8501076064			   0,000	    0,000
	  20						413175		  0,000							PC	8501076064			   0,000	    0,000

	4504370093							SAPBC		2350	2355		2350		F18
	  10	10.06.2022		16.06.2022			804997		  0,000			PC		0,000		PC		F18		   1,000	    1,000	CIF	02
	  10						804997		  0,000							PC	8501076064			   0,000	    0,000

	4504370170							SAPBC		2350	2355		2350		A7
	  10	10.06.2022		16.06.2022			415231		  0,000			PC		0,000		PC		A7		   1,000	    1,000	CIF	02
	  10						415231		  0,000							PC	8501076061			   0,000	    0,000

	4504371633							SAPBC		2350	2355		2350		F16
	  10	13.06.2022		13.06.2022			476717		  0,000			PC		0,000		PC		F16		   1,000	    1,000	CIF	02
	  20	13.06.2022		13.06.2022			819299		  0,000			PC		0,000		PC		F16		   1,000	    1,000	CIF	02
	  10						476717		  0,000							PC	8501076062			   0,000	    0,000
	  20						819299		  0,000							PC	8501076062			   0,000	    0,000

	4504373474							SAPBC		2350	2355		2350		A7
	  10	14.06.2022		14.06.2022			623254		  0,000			PC		0,000		PC		A7		   1,000	    1,000	CIF	02
	  10						623254		  0,000							PC	8501076061			   0,000	    0,000

	4504377014							SAPBC		2350	2355		2350		D18
	  10	16.06.2022		16.06.2022			573954		  0,000			PC		0,000		PC		D18		   1,000	    1,000	CIF	02
	  20	16.06.2022		16.06.2022			591668		  0,000			PC		0,000		PC		D18		   1,000	    1,000	CIF	02
	  10						573954		  0,000							PC	8501076065			   0,000	    0,000
	  20						591668		  0,000							PC	8501076065			   0,000	    0,000

	4504377049							SAPBC		2350	2355		2350		A7
	  10	16.06.2022		16.06.2022			571564		  0,000			PC		0,000		PC		A7		   1,000	    0,000	CIF	02
	  10						571564		  0,000							PC	8501076061			   0,000	    0,000

	4504377053							SAPBC		2350	2355		2350		A7
	  10	16.06.2022		16.06.2022			535420		  0,000			PC		0,000		PC		A7		   1,000	    1,000	CIF	02
	  10						535420		  0,000							PC	8501076061			   0,000	    0,000

	4504378470							SAPBC		2350	2355		2350		F18
	  10	17.06.2022		17.06.2022			429041		  0,000			PC		0,000		PC		F18		   2,000	    2,000	CIF	02
	  10						429041		  0,000							PC	8501076064			   0,000	    0,000

	4504380005							SAPBC		2350	2355		2350		F16
	  10	20.06.2022		20.06.2022			707182		  0,000			PC		0,000		PC		F16		   1,000	    1,000	CIF	02
	  10						707182		  0,000							PC	8501076062			   0,000	    0,000

	4504381757							SAPBC		2350	2355		2350		F3
	  10	21.06.2022		21.06.2022			863082		  0,000			PC		0,000		PC		F3		   1,000	    1,000	CIF	02
	  10						863082		  0,000							PC	8501076066			   0,000	    0,000

	4504381758							SAPBC		2350	2355		2350		A5
	  10	21.06.2022		21.06.2022			708850		  0,000			PC		0,000		PC		A5		   1,000	    1,000	CIF	02
	  10						708850		  0,000							PC	8501076063			   0,000	    0,000

	4504381766							SAPBC		2350	2355		2350		D19
	  10	21.06.2022		21.06.2022			246498		  0,000			PC		0,000		PC		D19		   2,000	    2,000	CIF	02
	  10						246498		  0,000							PC	8501076067			   0,000	    0,000

	4504381767							SAPBC		2350	2355		2350		D19
	  10	21.06.2022		21.06.2022			269514		  0,000			PC		0,000		PC		D19		   1,000	    1,000	CIF	02
	  20	21.06.2022		21.06.2022			476225		  0,000			PC		0,000		PC		D19		   2,000	    2,000	CIF	02
	  10						269514		  0,000							PC	8501076067			   0,000	    0,000
	  20						476225		  0,000							PC	8501076067			   0,000	    0,000

	4504381768							SAPBC		2350	2355		2350		D2
	  10	21.06.2022		21.06.2022			413846		  0,000			PC		0,000		PC		D2		   1,000	    1,000	CIF	02
	  20	21.06.2022		21.06.2022			413812		  0,000			PC		0,000		PC		D2		   1,000	    1,000	CIF	02
	  10						413846		  0,000							PC	8501076068			   0,000	    0,000
	  20						413812		  0,000							PC	8501076068			   0,000	    0,000

	4504381769							SAPBC		2350	2355		2350		A5
	  10	21.06.2022		21.06.2022			228282		  0,000			PC		0,000		PC		A5		   1,000	    1,000	CIF	02
	  10						228282		  0,000							PC	8501076063			   0,000	    0,000

	4504381782							SAPBC		2350	2355		2350		D2
	  10	21.06.2022		21.06.2022			816200		  0,000			PC		0,000		PC		D2		   2,000	    2,000	CIF	02
	  10						816200		  0,000							PC	8501076068			   0,000	    0,000

	4504381806							SAPBC		2350	2355		2350		A5
	  10	21.06.2022		21.06.2022			561850		  0,000			PC		0,000		PC		A5		   3,000	    3,000	CIF	02
	  10						561850		  0,000							PC	8501076063			   0,000	    0,000

	4504381810							SAPBC		2350	2355		2350		D18
	  10	21.06.2022		21.06.2022			456837		  0,000			PC		0,000		PC		D18		   1,000	    1,000	CIF	02
	  10						456837		  0,000							PC	8501076065			   0,000	    0,000

	4504381834							SAPBC		2350	2355		2350		A5
	  10	21.06.2022		21.06.2022			709479		  0,000			PC		0,000		PC		A5		   1,000	    1,000	CIF	02
	  20	21.06.2022		21.06.2022			709480		  0,000			PC		0,000		PC		A5		   1,000	    1,000	CIF	02
	  10						709479		  0,000							PC	8501076063			   0,000	    0,000
	  20						709480		  0,000							PC	8501076063			   0,000	    0,000

	4504381838							SAPBC		2350	2355		2350		A5
	  10	21.06.2022		21.06.2022			709480		  0,000			PC		0,000		PC		A5		   1,000	    1,000	CIF	02
	  10						709480		  0,000							PC	8501076063			   0,000	    0,000

	4504381843							SAPBC		2350	2355		2350		D19
	  10	21.06.2022		21.06.2022			252394		  0,000			PC		0,000		PC		D19		   1,000	    1,000	CIF	02
	  10						252394		  0,000							PC	8501076067			   0,000	    0,000

	4504381928							SAPBC		2350	2355		2350		A32
	  10	21.06.2022		21.06.2022			271987		  0,000			PC		0,000		PC		A32		   1,000	    1,000	CIF	02
	  10						271987		  0,000							PC	8501076069			   0,000	    0,000

	4504382020							SAPBC		2350	2355		2350		D2
	  10	21.06.2022		21.06.2022			700203		  0,000			PC		0,000		PC		D2		   1,000	    1,000	CIF	02
	  10						700203		  0,000							PC	8501076068			   0,000	    0,000

	4504382029							SAPBC		2350	2355		2350		A5
	  10	21.06.2022		21.06.2022			229553		  0,000			PC		0,000		PC		A5		   1,000	    1,000	CIF	02
	  20	21.06.2022		21.06.2022			441938		  0,000			PC		0,000		PC		A5		   1,000	    1,000	CIF	02
	  30	21.06.2022		21.06.2022			704574		  0,000			PC		0,000		PC		A5		   1,000	    1,000	CIF	02
	  10						229553		  0,000							PC	8501076063			   0,000	    0,000
	  20						441938		  0,000							PC	8501076063			   0,000	    0,000
	  30						704574		  0,000							PC	8501076063			   0,000	    0,000

	4504382204							SAPBC		2350	2355		2350		A14
	  10	21.06.2022		21.06.2022			437925		  0,000			PC		0,000		PC		A14		   1,000	    1,000	CIF	02
	  20	21.06.2022		21.06.2022			559586		  0,000			PC		0,000		PC		A14		   1,000	    1,000	CIF	02
	  10						437925		  0,000							PC	8501076070			   0,000	    0,000
	  20						559586		  0,000							PC	8501076070			   0,000	    0,000

	4504382234							SAPBC		2350	2355		2350		A14
	  10	21.06.2022		21.06.2022			811909		  0,000			PC		0,000		PC		A14		   1,000	    1,000	CIF	02
	  10						811909		  0,000							PC	8501076070			   0,000	    0,000

	4504382275							SAPBC		2350	2355		2350		A14
	  10	21.06.2022		21.06.2022			640311		  0,000			PC		0,000		PC		A14		   1,000	    1,000	CIF	02
	  10						640311		  0,000							PC	8501076070			   0,000	    0,000

	4504382318							SAPBC		2350	2355		2350		A14
	  10	21.06.2022		21.06.2022			700203		  0,000			PC		0,000		PC		A14		   1,000	    1,000	CIF	02
	  10						700203		  0,000							PC	8501076070			   0,000	    0,000

	4504382789							SAPBC		2350	2355		2350		I4
	  10	21.06.2022		21.06.2022			573953		  0,000			PC		0,000		PC		I4		   1,000	    1,000	CIF	02
	  20	21.06.2022		21.06.2022			664517		  0,000			PC		0,000		PC		I4		   1,000	    1,000	CIF	02
	  10						573953		  0,000							PC	8501076071			   0,000	    0,000
	  20						664517		  0,000							PC	8501076071			   0,000	    0,000

	4504383118							SAPBC		2350	2355		2350		I4
	  10	21.06.2022		21.06.2022			816200		  0,000			PC		0,000		PC		I4		   1,000	    1,000	CIF	02
	  10						816200		  0,000							PC	8501076071			   0,000	    0,000
